	trialid	sentnum	ianum	ia	freq	surp	ent
0	1	1	0	Samuel	1.05e-06	0.0	0.0
1	1	1	1	Morse,	0.0	15.24274117415238	19.158241271972656
2	1	1	2	best	2.14e-05	12.39922513339314	11.546061515808105
3	1	1	3	known	0.0	1.043845881042412	4.980234146118164
4	1	1	4	today	5.25e-06	8.889908311813647	1.7060089111328125
5	1	1	5	as	1.2e-05	0.9958721359979997	1.9358446598052979
6	1	1	6	the	0.000347	2.1482235130941736	7.994149684906006
7	1	1	7	inventor	0.0	4.479499170656367	8.838493347167969
8	1	1	8	of	0.000195	0.07852022488725352	0.4393901824951172
9	1	1	9	Morse	0.0	2.884129868961551	3.014122724533081
10	1	1	10	Code	4.37e-06	2.466929108787731	1.669412612915039
11	1	1	11	and	0.000117	4.040997521356011	2.380540370941162
12	1	1	12	one	3.31e-05	7.84318426894211	7.064624786376953
13	1	1	13	of	0.000195	0.019283645878370205	0.17729900777339935
14	1	1	14	the	0.000347	0.2017119348065084	1.4169909954071045
15	1	1	15	inventors	0.0	7.934771483389593	4.956743072718382
16	1	1	16	of	0.000195	0.03651217039588578	0.29181453585624695
17	1	1	17	the	0.000347	0.5961716490377725	3.808864116668701
18	1	1	18	telegraph,	3.8e-06	6.227080438605913	11.330191969871521
19	1	1	19	was	7.94e-06	1.944555863317597	6.7219977378845215
20	1	1	20	originally	0.0	9.463548463471863	2.444650888442993
21	1	1	21	a	0.000224	1.9328760402503702	4.42051887512207
22	1	1	22	prominent	0.0	8.69635161922637	9.0890531539917
23	1	1	23	painter.	0.0	13.743409994822713	11.395897626876831
24	2	1	0	While	1.23e-06	0.0	0.0
25	2	1	1	he	4.47e-06	5.587805938420749	8.025126457214355
26	2	1	2	was	7.94e-06	2.277822539158003	7.189842700958252
27	2	1	3	always	2.51e-06	9.449558856950658	8.941325187683105
28	2	1	4	interested	0.0	6.860402591138517	8.817604064941406
29	2	1	5	in	0.000166	0.053530855610539795	0.38218244910240173
30	2	1	6	technology	4.57e-06	6.968433231110572	9.026467323303223
31	2	1	7	and	0.000117	2.047668787172593	2.125345468521118
32	2	1	8	studied	0.0	13.049418741165898	9.031502723693848
33	2	1	9	electrical	0.0	6.5064160694085365	7.6527838706970215
34	2	1	10	engineering	1.95e-06	0.18834808446034937	1.1447962522506714
35	2	1	11	in	0.000166	3.83925038069612	2.511366128921509
36	2	1	12	college,	9.77e-06	3.414944376209022	8.578484416007996
37	2	1	13	Morse	0.0	13.561087615913072	6.186398029327393
38	2	1	14	went	0.0	7.235494744815921	7.118422508239746
39	2	1	15	to	0.000219	1.477569325643331	3.0983352661132812
40	2	1	16	Paris	8.13e-06	8.933077647908453	6.173999786376953
41	2	1	17	to	0.000219	1.77102619407838	3.857426643371582
42	2	1	18	learn	0.0	5.240784320526937	4.825747966766357
43	2	1	19	from	2.24e-05	7.393010319138267	6.0277886390686035
44	2	1	20	famous	1.26e-06	8.377592651533282	7.829843997955322
45	2	1	21	artists	1.23e-06	6.308791512201482	6.54240083694458
46	2	1	22	of	0.000195	5.484319890046512	4.0002827644348145
47	2	1	23	his	3.02e-06	4.4785690913127265	2.7005763053894043
48	2	1	24	day	2.45e-05	4.092251764038616	1.3825231790542603
49	2	1	25	and	0.000117	3.395924281728517	3.3082025051116943
50	2	1	26	later	0.0	7.179047548294621	8.096364974975586
51	2	1	27	painted	0.0	12.73861335466844	6.635009765625
52	2	1	28	many	1.17e-06	5.131721323394979	6.861515998840332
53	2	1	29	pictures	1.48e-06	6.143149171808776	5.350225925445557
54	2	1	30	that	1.35e-05	5.7327662486555315	4.343301773071289
55	2	1	31	now	9.77e-06	9.677673785815973	5.992879390716553
56	2	1	32	hang	0.0	5.293460877205198	6.205266952514648
57	2	1	33	in	0.000166	0.5205562098827137	1.8319238424301147
58	2	1	34	museums,	0.0	6.602295566728204	7.456602573394775
59	2	1	35	including	0.0	2.082408755509028	6.2724809646606445
60	2	1	36	a	0.000224	3.947743575251151	5.483046531677246
61	2	1	37	portrait	0.0	3.7171444535246976	8.074501037597656
62	2	1	38	of	0.000195	0.17372152194625962	1.068604588508606
63	2	1	39	former	0.0	12.716195793748515	8.18610954284668
64	2	1	40	President	3.89e-06	2.07790771923384	5.379583835601807
65	2	1	41	John	2e-05	3.8702245874011365	5.329421520233154
66	2	1	42	Adams.	1.26e-06	7.030562368905263	4.040143609046936
67	3	1	0	In	0.000166	0.0	0.0
68	3	1	1	1825,	1.42e-06	17.750868395954075	15.373249053955078
69	3	1	2	Morse	0.0	14.013277780437841	7.700331687927246
70	3	1	3	was	7.94e-06	2.7817976021183872	7.265356063842773
71	3	1	4	in	0.000166	7.084394566040324	6.641407012939453
72	3	1	5	Washington,	5.25e-06	7.329332666400451	10.815272331237793
73	3	1	6	D.C.,	0.0	1.9141312794862178	3.5472778286784887
74	3	1	7	painting	1.82e-06	13.128084049164618	5.232049465179443
75	3	1	8	a	0.000224	2.1829123153591174	5.651660442352295
76	3	1	9	portrait	0.0	1.9205200990899827	6.7004804611206055
77	3	1	10	of	0.000195	0.1748405038893448	0.9389032125473022
78	3	1	11	the	0.000347	3.1191777805771954	6.271841049194336
79	3	1	12	Marquis	0.0	7.664509734832348	7.859986782073975
80	3	1	13	de	6.76e-05	0.16897077037893043	0.8753856420516968
81	3	1	14	Lafayette	0.0	0.0990116147626546	0.7438462972640991
82	3	1	15	when	5.37e-06	9.287955651715743	3.3106625080108643
83	3	1	16	a	0.000224	3.8951016821989968	5.100222587585449
84	3	1	17	messenger	2.24e-06	10.592891553250643	11.699660301208496
85	3	1	18	arrived	0.0	4.843463676985806	6.980806827545166
86	3	1	19	on	0.000138	4.9072189908575305	4.4967522621154785
87	3	1	20	horseback	0.0	8.462595833934662	3.2110899724066257
88	3	1	21	to	0.000219	3.2248672951086594	3.6999006271362305
89	3	1	22	tell	1.41e-06	4.98867889043103	7.634835243225098
90	3	1	23	him	1.74e-06	0.3807226832378737	1.8494393825531006
91	3	1	24	that	1.35e-05	1.3597721673165968	3.4418880939483643
92	3	1	25	his	3.02e-06	3.8626659360175544	5.649242877960205
93	3	1	26	wife	0.0	3.726375115474866	8.380507469177246
94	3	1	27	was	7.94e-06	2.0203114047883255	3.286792516708374
95	3	1	28	gravely	0.0	12.519772983538587	8.72118592262268
96	3	1	29	ill	0.0	0.03459431395937975	0.23868271708488464
97	3	1	30	back	1.51e-05	17.238995462105816	1.847318172454834
98	3	1	31	at	7.41e-05	3.141798314637888	2.2341084480285645
99	3	1	32	his	3.02e-06	5.009521352699682	3.2890543937683105
100	3	1	33	home	1.66e-05	1.3732357733458003	4.779475688934326
101	3	1	34	in	0.000166	1.3398974440039844	2.470353841781616
102	3	1	35	Connecticut.	0.0	8.345297006731517	9.153806209564209
103	4	1	0	The	0.000347	0.0	0.0
104	4	1	1	message	1.48e-06	11.904223279423235	12.315144538879395
105	4	1	2	had	1.74e-06	8.896841878589392	6.822868347167969
106	4	1	3	taken	0.0	8.987790308964318	5.789645671844482
107	4	1	4	several	0.0	7.77208371634951	6.299741268157959
108	4	1	5	days	4.47e-06	3.5473055448928825	6.958635330200195
109	4	1	6	to	0.000219	0.4775653744281642	2.240643262863159
110	4	1	7	reach	0.0	1.992878605341995	5.641499042510986
111	4	1	8	him	1.74e-06	6.198160427660264	6.984977722167969
112	4	1	9	because	1.26e-06	7.100116502161055	3.4503798484802246
113	4	1	10	of	0.000195	2.8862470257819606	5.840315818786621
114	4	1	11	the	0.000347	0.9513782641335623	4.9346923828125
115	4	1	12	distance.	0.0	10.688700196153459	14.606729507446289
116	5	1	0	Morse	0.0	6.748598495447615	8.385579109191895
117	5	1	1	rushed	0.0	19.61700190310461	10.496177673339844
118	5	1	2	to	0.000219	1.7669295289425637	5.159440994262695
119	5	1	3	his	3.02e-06	3.865814362950641	6.142626762390137
120	5	1	4	home	1.66e-05	8.579666953705484	6.730544567108154
121	5	1	5	as	1.2e-05	7.044439125770405	4.977571964263916
122	5	1	6	fast	6.46e-06	9.586018215436209	5.559060573577881
123	5	1	7	as	1.2e-05	0.019618421861309136	0.18626238405704498
124	5	1	8	he	4.47e-06	0.8033749125467413	2.800626516342163
125	5	1	9	could,	1.82e-06	1.9261277983371694	4.403443157672882
126	5	1	10	but	5.75e-06	2.415199172029084	6.991079807281494
127	5	1	11	his	3.02e-06	3.056948583647611	6.872684001922607
128	5	1	12	wife	0.0	3.840007361621288	9.172971725463867
129	5	1	13	had	1.74e-06	4.123693745370815	7.144115447998047
130	5	1	14	already	0.0	3.268572717039274	6.906778812408447
131	5	1	15	passed	0.0	6.299223341047949	6.750625133514404
132	5	1	16	away	3.8e-06	1.7654845455006096	3.928946018218994
133	5	1	17	by	9.55e-05	8.640816274597755	3.367971897125244
134	5	1	18	the	0.000347	0.841363194453964	4.082859516143799
135	5	1	19	time	3.24e-05	0.35816686342253456	2.524336576461792
136	5	1	20	he	4.47e-06	0.6407497731300562	2.4205384254455566
137	5	1	21	arrived.	0.0	2.3506584344368475	6.592946767807007
138	6	1	0	Grief-	0.0	19.91659333940891	20.346494674682617
139	6	1	1	stricken,	0.0	23.729886067513707	24.027557849884033
140	6	1	2	he	4.47e-06	11.33360856672051	10.062037467956543
141	6	1	3	gave	0.0	15.185665341790548	7.050032138824463
142	6	1	4	up	3.8e-05	3.7503772632966763	5.493933200836182
143	6	1	5	painting	1.82e-06	9.651751636854703	6.882951259613037
144	6	1	6	and	0.000117	1.9579313749931835	5.344758033752441
145	6	1	7	devoted	0.0	8.14225007317167	8.667972564697266
146	6	1	8	the	0.000347	5.731063715141681	2.7839879989624023
147	6	1	9	rest	1.7e-06	0.6654593683889909	2.801976442337036
148	6	1	10	of	0.000195	0.09775324742960613	0.49402979016304016
149	6	1	11	his	3.02e-06	0.11728260940903593	0.6154145002365112
150	6	1	12	life	3.02e-05	0.2325672679006613	1.260114312171936
151	6	1	13	to	0.000219	0.10917882850685978	0.9043906927108765
152	6	1	14	finding	0.0	9.328393716747696	8.585423469543457
153	6	1	15	ways	1.23e-06	4.346394671835829	7.0394721031188965
154	6	1	16	to	0.000219	0.14961483732053682	0.7453691959381104
155	6	1	17	transmit	0.0	10.459741156119394	7.719425678253174
156	6	1	18	messages	0.0	4.679507780244292	5.7769269943237305
157	6	1	19	over	1.29e-05	10.959377999069627	4.026036739349365
158	6	1	20	long	6.31e-06	6.968395036489769	5.764744281768799
159	6	1	21	distances	0.0	0.1481064944343029	0.9251973032951355
160	6	1	22	faster.	0.0	15.886722251835263	4.738571882247925
161	1	2	0	Leonardo	2.51e-06	0.6164906810571247	4.206773281097412
162	1	2	1	da	6.31e-06	2.083974963841051	7.948127269744873
163	1	2	2	Vinci	1.62e-06	0.06245492928005241	0.45838552713394165
164	1	2	3	is	4.79e-05	7.665620043033596	8.548096656799316
165	1	2	4	not	1.45e-05	7.013703009652613	7.039655685424805
166	1	2	5	only	5.37e-06	2.6681584293629403	6.387736797332764
167	1	2	6	one	3.31e-05	2.5093822831675436	4.125131607055664
168	1	2	7	of	0.000195	0.03141687037993458	0.30251386761665344
169	1	2	8	the	0.000347	0.160310164172025	1.103767991065979
170	1	2	9	most	2.75e-06	1.8625317800298022	2.2724664211273193
171	1	2	10	famous	1.26e-06	1.8012754574645975	5.185397148132324
172	1	2	11	artists	1.23e-06	1.8023742911021359	5.250960350036621
173	1	2	12	in	0.000166	2.659683163112263	2.848114013671875
174	1	2	13	history,	4.27e-06	1.3029669695911257	3.9877729415893555
175	1	2	14	but	5.75e-06	0.40334990508488255	1.496563196182251
176	1	2	15	he	4.47e-06	3.673263724163967	2.3544280529022217
177	1	2	16	was	7.94e-06	2.7011348782360884	3.0075290203094482
178	1	2	17	also	2.24e-06	0.3379377622150164	1.8172979354858398
179	1	2	18	a	0.000224	2.193461096097157	3.3637661933898926
180	1	2	19	botanist,	0.0	14.425606054517138	10.059473872184753
181	1	2	20	a	0.000224	2.8703104143962426	6.783331394195557
182	1	2	21	writer,	0.0	5.171373874402144	7.818390846252441
183	1	2	22	and	0.000117	1.87859706940801	2.608027696609497
184	1	2	23	an	1.2e-05	2.088033436648871	2.172651529312134
185	1	2	24	inventor.	0.0	2.5455490709479314	6.976347923278809
186	2	2	0	Even	1.15e-06	0.0	0.0
187	2	2	1	though	0.0	4.24646351251499	7.604778289794922
188	2	2	2	most	2.75e-06	6.437431133225311	6.572424411773682
189	2	2	3	of	0.000195	1.5169814893786082	7.0201215744018555
190	2	2	4	his	3.02e-06	6.550845811823826	3.876793384552002
191	2	2	5	inventions	0.0	9.970775915114926	10.635839819908142
192	2	2	6	were	2e-06	1.358766713365026	4.298819065093994
193	2	2	7	not	1.45e-05	4.159656559871534	8.871960639953613
194	2	2	8	actually	0.0	7.545641460247606	7.90872859954834
195	2	2	9	built	0.0	6.011649632066569	7.3400373458862305
196	2	2	10	in	0.000166	2.8645106727777065	3.49399995803833
197	2	2	11	his	3.02e-06	3.3957838742061917	6.340412616729736
198	2	2	12	lifetime,	0.0	3.3978734924838774	7.503450274467468
199	2	2	13	many	1.17e-06	6.11169932380806	6.930122375488281
200	2	2	14	of	0.000195	0.6766764938022622	4.041209697723389
201	2	2	15	today’s	0.0	10.706372728963917	4.110790299251676
202	2	2	16	modern	3.09e-06	4.617339564577603	8.868819236755371
203	2	2	17	machines	0.0	5.875047296110084	8.560356140136719
204	2	2	18	can	8.32e-06	4.243511476419367	5.030452728271484
205	2	2	19	be	2.19e-05	0.873229211678544	3.748377561569214
206	2	2	20	traced	0.0	2.6341948686798267	6.95895528793335
207	2	2	21	back	1.51e-05	0.2650438051779933	1.0326197147369385
208	2	2	22	to	0.000219	0.2652843854241736	1.602156162261963
209	2	2	23	some	2.34e-06	8.230946998400874	5.494345664978027
210	2	2	24	of	0.000195	0.6302990945036806	3.955667495727539
211	2	2	25	his	3.02e-06	1.1696642025773496	4.8831963539123535
212	2	2	26	original	6.17e-06	5.519002770236644	6.72159481048584
213	2	2	27	designs.	0.0	2.068251820003111	6.710650324821472
214	3	2	0	The	0.000347	0.0	0.0
215	3	2	1	parachute,	0.0	22.597646597393794	21.94996851682663
216	3	2	2	the	0.000347	4.270110448906968	8.237739562988281
217	3	2	3	military	0.0	10.10316116016951	11.08682632446289
218	3	2	4	tank,	2.95e-06	13.382642902150186	13.565104961395264
219	3	2	5	the	0.000347	1.568890757686268	4.6680474281311035
220	3	2	6	bicycle,	0.0	13.333992724285467	13.328475713729858
221	3	2	7	and	0.000117	3.015959193218794	2.4989194869995117
222	3	2	8	even	1.15e-06	4.532459000239381	3.250915288925171
223	3	2	9	the	0.000347	0.3895440698161362	2.3103437423706055
224	3	2	10	airplane	0.0	6.267788001917451	12.404573202133179
225	3	2	11	were	2e-06	3.5451846438196513	5.986392498016357
226	3	2	12	foretold	0.0	19.05464309301057	15.491851568222046
227	3	2	13	in	0.000166	4.333122532396847	4.744851589202881
228	3	2	14	the	0.000347	1.125074168461657	5.8154401779174805
229	3	2	15	imaginative	0.0	16.832307870098347	8.422584414482117
230	3	2	16	drawings	0.0	8.879088851967131	8.246856689453125
231	3	2	17	that	1.35e-05	4.389136345800229	4.218347072601318
232	3	2	18	can	8.32e-06	8.550168112988025	8.806422233581543
233	3	2	19	still	1.95e-06	6.605089510603134	1.5803661346435547
234	3	2	20	be	2.19e-05	0.09329855184412825	0.8542076349258423
235	3	2	21	seen	0.0	1.074387340796916	3.3477249145507812
236	3	2	22	in	0.000166	1.6960941409578714	3.695681571960449
237	3	2	23	the	0.000347	0.7553349360354126	4.499828815460205
238	3	2	24	fragments	0.0	14.367040624212166	8.95881175994873
239	3	2	25	of	0.000195	0.9037136853921018	3.411505699157715
240	3	2	26	da	6.31e-06	14.41899600359664	6.70690393447876
241	3	2	27	Vinci’s	0.0	3.4649981316833114	5.235399827361107
242	3	2	28	notebooks.	0.0	11.889667199319558	12.65455675125122
243	4	2	0	Over	1.29e-05	0.0	0.0
244	4	2	1	five	2.88e-06	11.91751632302794	9.610428810119629
245	4	2	2	hundred	0.0	5.487050775486814	4.351748466491699
246	4	2	3	years	6.76e-06	1.5582677703519932	7.247777938842773
247	4	2	4	ago,	3.02e-06	2.087377282443234	7.017606258392334
248	4	2	5	this	2.4e-05	6.082157034538437	8.650426864624023
249	4	2	6	man	1.48e-05	6.971453131531342	9.851874351501465
250	4	2	7	conceived	0.0	12.78084773141276	6.926448822021484
251	4	2	8	ideas	1.66e-06	11.29892318714051	4.454722881317139
252	4	2	9	that	1.35e-05	1.9306349712089748	4.146386623382568
253	4	2	10	were	2e-06	3.588959491802057	6.168326377868652
254	4	2	11	far	1.74e-06	4.875522724303022	8.34977912902832
255	4	2	12	ahead	0.0	5.635620441606957	3.716388702392578
256	4	2	13	of	0.000195	0.07965205168958117	0.4740029573440552
257	4	2	14	his	3.02e-06	2.557196943716699	4.867949962615967
258	4	2	15	time.	3.24e-05	1.184836263088124	4.55901837348938
259	1	3	0	The	0.000347	0.0	0.0
260	1	3	1	Amazon	4.47e-06	12.804889465817949	12.315144538879395
261	1	3	2	Rainforest	0.0	7.240226330094302	13.635292753577232
262	1	3	3	is	4.79e-05	4.798835982201211	9.113348960876465
263	1	3	4	one	3.31e-05	3.510997935043802	6.642467498779297
264	1	3	5	of	0.000195	0.06289400717508703	0.6092488169670105
265	1	3	6	the	0.000347	0.26322566321844265	1.7904397249221802
266	1	3	7	most	2.75e-06	1.7768100453350695	5.29827356338501
267	1	3	8	important	0.0	3.3537427851540964	7.13111686706543
268	1	3	9	ecosystems	0.0	3.71439715604521	8.304851710796356
269	1	3	10	in	0.000166	0.7965552068558086	2.72306227684021
270	1	3	11	the	0.000347	0.3768686801318951	2.314213991165161
271	1	3	12	world.	3.02e-05	1.505581263713888	4.713255167007446
272	2	3	0	However,	0.0	0.270992868685344	2.0332653522491455
273	2	3	1	it	3.31e-05	3.9407733909500506	7.442841529846191
274	2	3	2	is	4.79e-05	1.5405471182098358	4.632687091827393
275	2	3	3	slowly	0.0	14.550171008997774	6.896762847900391
276	2	3	4	being	1.58e-06	3.7480225719573523	6.524025917053223
277	2	3	5	destroyed.	0.0	12.286870192833558	11.51909065246582
278	3	3	0	Areas	0.0	11.341938153319898	11.245856285095215
279	3	3	1	of	0.000195	2.0322395276131573	7.76170015335083
280	3	3	2	the	0.000347	4.255569445615814	8.595499038696289
281	3	3	3	rainforest	0.0	13.855322340984001	15.3967424929142
282	3	3	4	are	1.62e-05	3.090721693885745	7.295793056488037
283	3	3	5	being	1.58e-06	7.120280935033589	8.694883346557617
284	3	3	6	cleared	0.0	3.621956827697802	7.76820707321167
285	3	3	7	for	6.46e-05	2.861693196975985	4.507765769958496
286	3	3	8	farms	0.0	10.952746091764508	7.890733242034912
287	3	3	9	and	0.000117	1.4630346467872437	3.5772533416748047
288	3	3	10	roads,	0.0	8.619572931802669	12.678975582122803
289	3	3	11	and	0.000117	1.9901402946422315	6.677699565887451
290	3	3	12	much	1.82e-06	9.711324126162529	8.484621047973633
291	3	3	13	of	0.000195	0.3338605325860198	2.239009380340576
292	3	3	14	the	0.000347	0.27028176644273366	1.9119585752487183
293	3	3	15	wood	2.24e-06	7.266073993709864	7.805359840393066
294	3	3	16	is	4.79e-05	3.447953519662521	3.2782068252563477
295	3	3	17	also	2.24e-06	7.743597934371957	4.553713798522949
296	3	3	18	being	1.58e-06	0.5852914120356699	3.1821506023406982
297	3	3	19	harvested	0.0	4.673927409348065	5.343237996101379
298	3	3	20	and	0.000117	4.240449248507617	3.2198925018310547
299	3	3	21	sold.	3.09e-06	5.256413506331324	10.552742958068848
300	4	3	0	There	4.68e-06	0.0	0.0
301	4	3	1	are	1.62e-05	1.3959223582454843	3.159987449645996
302	4	3	2	several	0.0	4.309414225858404	7.068981647491455
303	4	3	3	compelling	0.0	14.428040811002921	13.29139232635498
304	4	3	4	reasons	0.0	0.6944084317757228	3.7195959091186523
305	4	3	5	to	0.000219	2.7319779290992177	2.975045680999756
306	4	3	6	protect	0.0	10.795134871162114	7.3603363037109375
307	4	3	7	this	2.4e-05	7.942578517895824	4.637575626373291
308	4	3	8	area.	2.4e-06	6.837820215249149	13.744642734527588
309	5	3	0	First,	8.71e-06	5.160224831973911	10.616168975830078
310	5	3	1	a	0.000224	5.464771262490303	7.442811965942383
311	5	3	2	significant	0.0	10.435224140246802	10.15146255493164
312	5	3	3	number	4.9e-06	3.29164143048324	8.018512725830078
313	5	3	4	of	0.000195	0.03831751266030026	0.36735302209854126
314	5	3	5	pharmaceuticals	0.0	14.149552977178615	11.242668867111206
315	5	3	6	are	1.62e-05	2.205085340049093	6.407843589782715
316	5	3	7	made	8.32e-06	6.1786965328595675	8.167282104492188
317	5	3	8	from	2.24e-05	2.616065042650696	4.672120571136475
318	5	3	9	plants	0.0	6.2829483597243945	9.0591459274292
319	5	3	10	that	1.35e-05	3.2653031953645777	4.5204362869262695
320	5	3	11	have	8.91e-06	3.3199139508366082	4.937186241149902
321	5	3	12	been	3.02e-06	1.439044849483043	5.132485866546631
322	5	3	13	discovered	0.0	7.622532477490865	7.984549045562744
323	5	3	14	in	0.000166	2.728822253284762	5.0502448081970215
324	5	3	15	the	0.000347	1.593179713325053	6.701971530914307
325	5	3	16	rainforest,	0.0	13.561144023510902	12.00585651397705
326	5	3	17	and	0.000117	2.7947384599066907	6.143903732299805
327	5	3	18	it's	8.71e-06	10.648950834172805	10.467323303222656
328	5	3	19	quite	0.0	6.733561004394069	7.164347171783447
329	5	3	20	possible	1.05e-06	2.396219170695203	5.959235668182373
330	5	3	21	there	4.68e-06	7.203180388163644	1.6344126462936401
331	5	3	22	are	1.62e-05	1.2627416178843907	3.143108367919922
332	5	3	23	still	1.95e-06	5.118878195624223	7.371494770050049
333	5	3	24	important	0.0	9.137503764525666	7.443591117858887
334	5	3	25	plants	0.0	3.774592779314153	8.33593463897705
335	5	3	26	that	1.35e-05	2.1177795651594993	4.838821887969971
336	5	3	27	have	8.91e-06	2.5596464587262524	5.083725452423096
337	5	3	28	not	1.45e-05	2.311970432580638	3.829955816268921
338	5	3	29	yet	1.26e-06	2.6978231083891013	1.954952597618103
339	5	3	30	been	3.02e-06	0.1844069899271993	1.431980013847351
340	5	3	31	discovered.	0.0	2.218331755685959	7.942092418670654
341	6	3	0	Secondly,	0.0	4.227673674761789	13.14116096496582
342	6	3	1	the	0.000347	2.719464534595903	7.958376884460449
343	6	3	2	rainforest	0.0	18.74501423411375	20.202950358390808
344	6	3	3	provides	0.0	7.839065158602265	7.13801383972168
345	6	3	4	a	0.000224	1.8299105160834552	6.229946613311768
346	6	3	5	significant	0.0	7.554105755374804	8.138376235961914
347	6	3	6	portion	0.0	5.528308290870429	7.44999885559082
348	6	3	7	of	0.000195	0.019482619478768892	0.1723926067352295
349	6	3	8	the	0.000347	0.4986461668327576	3.206371784210205
350	6	3	9	world's	0.0	4.9477770812226725	10.336533308029175
351	6	3	10	oxygen	0.0	7.36772949879739	7.24959135055542
352	6	3	11	and	0.000117	3.3218623990105494	4.7660722732543945
353	6	3	12	also	2.24e-06	8.05456911296215	5.35615348815918
354	6	3	13	absorbs	0.0	13.553283482488583	7.285591721534729
355	6	3	14	great	4.27e-06	11.411077592174564	7.2242655754089355
356	6	3	15	amounts	0.0	2.115561985859301	2.999661684036255
357	6	3	16	of	0.000195	0.013848947971485287	0.1386735737323761
358	6	3	17	carbon	0.0	1.2196485696366102	4.792169570922852
359	6	3	18	dioxide.	0.0	1.369591001187452	4.255534759024158
360	7	3	0	Without	1.38e-06	7.000619700574919	9.06176471710205
361	7	3	1	rainforests,	0.0	24.585136814700313	20.75363940000534
362	7	3	2	global	7.76e-06	8.034774357091516	7.75609016418457
363	7	3	3	warming	0.0	0.8189134622441283	3.519088195404038
364	7	3	4	could	1.82e-06	3.4260392224592615	3.7050960063934326
365	7	3	5	accelerate.	0.0	9.568825738362163	12.436465635895729
366	1	4	0	Howard	2.29e-06	0.0	0.0
367	1	4	1	Gardner	0.0	9.437245642417952	10.640115737915039
368	1	4	2	was	7.94e-06	8.510007411075366	8.827515602111816
369	1	4	3	a	0.000224	2.4179532565690876	7.012462615966797
370	1	4	4	psychologist	0.0	7.635193218824574	10.626638293266296
371	1	4	5	best	2.14e-05	7.427274681202435	3.2714264392852783
372	1	4	6	known	0.0	0.017519185143017937	0.13893099129199982
373	1	4	7	for	6.46e-05	0.13467695631897272	0.7112516164779663
374	1	4	8	developing	0.0	5.797688716164002	2.8534677028656006
375	1	4	9	the	0.000347	1.092684600998879	4.204212665557861
376	1	4	10	theory	1.78e-06	2.717296709818726	7.762850761413574
377	1	4	11	of	0.000195	0.45596805038393423	1.251796841621399
378	1	4	12	multiple	0.0	8.53485948611751	8.28093147277832
379	1	4	13	intelligences.	0.0	7.311240707391551	5.888492587953806
380	2	4	0	Basically,	0.0	7.545971834646218	13.149473667144775
381	2	4	1	the	0.000347	2.7115163229486443	6.96801233291626
382	2	4	2	theory	1.78e-06	9.935809679269655	11.55949592590332
383	2	4	3	states	1.05e-06	5.162932360135689	5.305436134338379
384	2	4	4	that	1.35e-05	0.1601045298361013	1.1506328582763672
385	2	4	5	the	0.000347	2.4824034123401395	7.882721900939941
386	2	4	6	idea	1.48e-06	9.819941983068592	11.400385856628418
387	2	4	7	of	0.000195	0.583334013540076	2.7115533351898193
388	2	4	8	general	7.24e-06	11.454210183494238	8.954400062561035
389	2	4	9	intelligence	1.66e-06	8.566867321054177	7.347654819488525
390	2	4	10	or	1.48e-05	5.931352252823201	5.51392936706543
391	2	4	11	overall	0.0	8.686641680787252	7.689130783081055
392	2	4	12	intelligence	1.66e-06	0.5560835449281436	3.409902811050415
393	2	4	13	is	4.79e-05	1.0988445548513703	4.870894908905029
394	2	4	14	somewhat	0.0	9.845942764180649	8.012442588806152
395	2	4	15	inaccurate.	0.0	9.937582454814706	16.721660404466093
396	3	4	0	This	2.4e-05	0.0	0.0
397	3	4	1	is	4.79e-05	2.1653991396590295	8.196046829223633
398	3	4	2	because	1.26e-06	7.457121753209941	5.491053104400635
399	3	4	3	people	8.51e-06	7.714518759478778	7.380890369415283
400	3	4	4	often	0.0	6.055952146251822	6.604218482971191
401	3	4	5	show	2.4e-05	9.362784447115548	7.515425682067871
402	3	4	6	intelligence	1.66e-06	13.149737797537677	6.348974227905273
403	3	4	7	in	0.000166	3.5204364368961873	5.373899459838867
404	3	4	8	different	1.55e-06	6.397528340737268	7.413609504699707
405	3	4	9	areas.	0.0	7.210615423566997	5.802987575531006
406	4	4	0	He	4.47e-06	0.0	0.0
407	4	4	1	argued	0.0	13.308002665914554	8.20002555847168
408	4	4	2	that	1.35e-05	0.578965178778875	2.735074281692505
409	4	4	3	there	4.68e-06	5.472156740690964	7.539713382720947
410	4	4	4	are	1.62e-05	3.068443242789829	3.1572835445404053
411	4	4	5	actually	0.0	9.675388583402963	7.386452674865723
412	4	4	6	different	1.55e-06	8.091693879249814	7.35838508605957
413	4	4	7	types	0.0	3.0850634653265647	7.977818012237549
414	4	4	8	of	0.000195	0.021097036801268246	0.18892812728881836
415	4	4	9	intelligence.	1.66e-06	11.889199183062807	17.14683723449707
416	5	4	0	One	3.31e-05	0.0	0.0
417	5	4	1	type	5.75e-06	10.857881565709462	10.18009090423584
418	5	4	2	of	0.000195	0.2435346876005876	1.9173405170440674
419	5	4	3	intelligence	1.66e-06	12.077596618389023	11.814358711242676
420	5	4	4	that	1.35e-05	4.071174977941092	7.893020153045654
421	5	4	5	Gardner	0.0	18.763246947666243	7.224399566650391
422	5	4	6	identified	0.0	7.12786012440243	7.946773052215576
423	5	4	7	was	7.94e-06	2.8901275898716934	3.4614524841308594
424	5	4	8	interpersonal	0.0	11.214502255376809	10.718316555023193
425	5	4	9	intelligence.	1.66e-06	3.583279892832757	9.685432434082031
426	6	4	0	People	8.51e-06	0.0	0.0
427	6	4	1	who	7.94e-06	4.472632291422999	8.586319923400879
428	6	4	2	possess	0.0	10.822346275698536	7.110145568847656
429	6	4	3	this	2.4e-05	3.9699887961729554	7.2790021896362305
430	6	4	4	type	5.75e-06	4.6609179660053055	8.957172393798828
431	6	4	5	of	0.000195	0.034285016379621815	0.34939661622047424
432	6	4	6	intelligence	1.66e-06	7.299247571916048	9.60503101348877
433	6	4	7	relate	0.0	13.250461047249626	5.679502487182617
434	6	4	8	and	0.000117	9.13858496031677	2.409303903579712
435	6	4	9	interact	0.0	3.800485504093839	8.013261795043945
436	6	4	10	well	3.31e-06	5.660430360322909	3.2795400619506836
437	6	4	11	with	3.31e-05	0.20106737985634604	1.1773136854171753
438	6	4	12	others.	1.35e-06	2.9337401636460134	8.111332416534424
439	7	4	0	Intrapersonal	0.0	19.16673604592532	18.76270580291748
440	7	4	1	intelligence,	1.66e-06	14.009714184867338	17.512814044952393
441	7	4	2	on	0.000138	9.745983337950204	10.790404319763184
442	7	4	3	the	0.000347	0.282020644756018	2.2224221229553223
443	7	4	4	other	4.27e-06	0.2814307526613019	1.7770947217941284
444	7	4	5	hand,	3.09e-06	0.09577273020354134	0.7067021131515503
445	7	4	6	implies	0.0	9.665969551718806	5.2391886711120605
446	7	4	7	that	1.35e-05	1.1791744059952438	4.584007740020752
447	7	4	8	people	8.51e-06	4.422318323799159	6.432680130004883
448	7	4	9	are	1.62e-05	2.3843023450036593	6.226078033447266
449	7	4	10	in	0.000166	5.822631866431945	7.453550815582275
450	7	4	11	touch	4.57e-06	4.661084390498241	5.383810043334961
451	7	4	12	with	3.31e-05	0.17486156832282823	1.155444860458374
452	7	4	13	their	2.63e-06	1.8580855858682823	5.004549980163574
453	7	4	14	own	1.7e-06	2.3827454296845723	6.623085021972656
454	7	4	15	feelings.	0.0	9.01940029825726	10.08406376838684
455	8	4	0	They	3.8e-06	0.0	0.0
456	8	4	1	enjoy	1.02e-06	10.651204590513913	7.217841148376465
457	8	4	2	thinking	1.12e-06	11.596565711838172	8.25326919555664
458	8	4	3	about	7.59e-06	1.4102408600116307	4.341933727264404
459	8	4	4	theories	0.0	14.133964277841294	6.882184028625488
460	8	4	5	and	0.000117	1.8561915992897977	4.504946708679199
461	8	4	6	developing	0.0	9.026266466307698	9.100555419921875
462	8	4	7	their	2.63e-06	2.780863540230386	6.448921203613281
463	8	4	8	own	1.7e-06	0.8299071532545113	4.201101303100586
464	8	4	9	thoughts	1.29e-06	7.7289518026785125	6.327638626098633
465	8	4	10	and	0.000117	2.7383467885152024	4.388649940490723
466	8	4	11	ideas.	1.66e-06	3.943224795464863	11.569955825805664
467	9	4	0	People	8.51e-06	0.0	0.0
468	9	4	1	who	7.94e-06	4.472632291422999	8.586319923400879
469	9	4	2	have	8.91e-06	2.7391671605324186	7.110145568847656
470	9	4	3	linguistic	0.0	18.50978432216847	9.106404662132263
471	9	4	4	intelligence	1.66e-06	10.947583027184692	6.542893886566162
472	9	4	5	learn	0.0	10.297006193897369	5.734447956085205
473	9	4	6	best	2.14e-05	6.97469278781542	5.908534526824951
474	9	4	7	by	9.55e-05	5.130310057047383	5.65696382522583
475	9	4	8	taking	0.0	5.919249145396847	7.774139881134033
476	9	4	9	notes	1.15e-06	5.494340945739273	7.024506568908691
477	9	4	10	and	0.000117	1.945810557048198	3.623445749282837
478	9	4	11	reading	2.69e-06	4.457030740366774	7.634498596191406
479	9	4	12	textbooks.	0.0	8.865727474268109	13.614211082458496
480	10	4	0	These	1.45e-06	0.0	0.0
481	10	4	1	people	8.51e-06	6.131514919436187	10.862852096557617
482	10	4	2	usually	0.0	8.478413816889505	6.439843654632568
483	10	4	3	excel	1.86e-06	13.701596862140223	7.705687522888184
484	10	4	4	in	0.000166	1.3959393302431122	3.2572038173675537
485	10	4	5	traditional	1.02e-06	11.830838650727857	9.093331336975098
486	10	4	6	academic	0.0	10.148888069374792	9.307485580444336
487	10	4	7	environments,	0.0	11.264924630071134	9.353840827941895
488	10	4	8	as	1.2e-05	5.886082688013814	6.04484748840332
489	10	4	9	many	1.17e-06	6.838294834466681	5.656041622161865
490	10	4	10	academic	0.0	8.112775944156269	5.790332794189453
491	10	4	11	subjects	0.0	6.062551552668746	6.344608306884766
492	10	4	12	stress	2.82e-06	14.74992715963446	4.022861957550049
493	10	4	13	these	1.45e-06	7.553934686640284	7.611462593078613
494	10	4	14	types	0.0	5.227208728421661	6.210383892059326
495	10	4	15	of	0.000195	0.012732084011289337	0.12490247935056686
496	10	4	16	activities.	0.0	7.746254851363059	11.076165437698364
497	11	4	0	The	0.000347	0.0	0.0
498	11	4	1	other	4.27e-06	9.429169973835881	12.315144538879395
499	11	4	2	types	0.0	10.625145708459195	9.048007011413574
500	11	4	3	of	0.000195	0.3369202522567488	1.8556644916534424
501	11	4	4	intelligence	1.66e-06	13.188938261955453	11.814982414245605
502	11	4	5	are	1.62e-05	2.0381527433959814	6.966626167297363
503	11	4	6	kinesthetic,	0.0	19.21564081573464	20.320358753204346
504	11	4	7	musical,	1.48e-06	10.686265535442852	10.45982539653778
505	11	4	8	spatial,	0.0	7.567093820406655	8.563261032104492
506	11	4	9	and	0.000117	1.7389492866823084	6.644986629486084
507	11	4	10	logical.	0.0	7.994287714383148	11.811784714460373
508	1	5	0	The	0.000347	0.0	0.0
509	1	5	1	Internet	2.82e-05	11.491401476089832	12.315144538879395
510	1	5	2	has	5.5e-06	4.129674792869256	8.372776985168457
511	1	5	3	made	8.32e-06	4.116063754477788	6.9651312828063965
512	1	5	4	life	3.02e-05	5.716978219876692	5.845656394958496
513	1	5	5	a	0.000224	4.007819534369326	5.112394332885742
514	1	5	6	whole	0.0	4.383013190561646	2.6727302074432373
515	1	5	7	lot	1.17e-06	0.03343725399823348	0.2667835056781769
516	1	5	8	easier	0.0	0.30340118537465827	1.2309852838516235
517	1	5	9	for	6.46e-05	2.0395794248283323	3.957106590270996
518	1	5	10	many	1.17e-06	4.265147555656229	6.258609294891357
519	1	5	11	people,	8.51e-06	3.614856018221726	8.06090784072876
520	1	5	12	but	5.75e-06	2.548380118752915	5.036737442016602
521	1	5	13	being	1.58e-06	9.423222627229432	6.114462852478027
522	1	5	14	online	6.76e-05	5.049533184199229	6.583719253540039
523	1	5	15	also	2.24e-06	8.385644104496825	4.70977783203125
524	1	5	16	brings	0.0	4.147113361530185	4.440256595611572
525	1	5	17	with	3.31e-05	1.8713652772524378	5.447561264038086
526	1	5	18	it	3.31e-05	0.03396249104520568	0.23571141064167023
527	1	5	19	very	4.37e-06	9.727698554890523	4.985445022583008
528	1	5	20	real	1.7e-05	5.606667417860836	5.7036213874816895
529	1	5	21	risks.	0.0	5.603908705691806	7.950434684753418
530	2	5	0	Hackers	1.02e-06	13.86638113287767	19.38500690460205
531	2	5	1	can	8.32e-06	8.938581669573013	10.765653610229492
532	2	5	2	steal	0.0	6.071677452020932	7.691211774945259
533	2	5	3	personal	4.57e-06	5.4148043096510605	6.548878192901611
534	2	5	4	and	0.000117	4.415876445221268	2.831491470336914
535	2	5	5	financial	6.61e-06	1.2026069188197515	3.892697334289551
536	2	5	6	information.	3.89e-06	5.0439917588245855	5.697046518325806
537	3	5	0	There	4.68e-06	0.0	0.0
538	3	5	1	are	1.62e-05	1.3959223582454843	3.159987449645996
539	3	5	2	several	0.0	4.309412520886086	7.06898307800293
540	3	5	3	precautions	0.0	12.509266810506453	13.163729965686798
541	3	5	4	that	1.35e-05	1.9658683624432052	3.635239601135254
542	3	5	5	computer	3.89e-06	16.92314461563002	4.06477165222168
543	3	5	6	users	0.0	1.0168436369365392	4.829333305358887
544	3	5	7	can	8.32e-06	4.389039500125347	2.5158843994140625
545	3	5	8	take	6.46e-06	0.2155909006976229	1.3177114725112915
546	3	5	9	to	0.000219	1.200862673540303	3.2711586952209473
547	3	5	10	minimize	0.0	5.591779441440335	4.62610188126564
548	3	5	11	the	0.000347	0.9746419220893363	4.367480278015137
549	3	5	12	level	7.24e-06	10.607259529173735	3.1928722858428955
550	3	5	13	of	0.000195	0.011269206363842557	0.11257817596197128
551	3	5	14	risk	1.58e-06	2.4251976960947292	6.777881622314453
552	3	5	15	that	1.35e-05	2.725981506262402	4.565619945526123
553	3	5	16	is	4.79e-05	3.689736014232791	5.767116069793701
554	3	5	17	involved	0.0	1.973946711638065	3.8312034606933594
555	3	5	18	with	3.31e-05	1.9284973748846792	2.8902227878570557
556	3	5	19	being	1.58e-06	9.329563527263083	7.519418239593506
557	3	5	20	online.	6.76e-05	9.196702711792236	8.987298488616943
558	4	5	0	One	3.31e-05	0.0	0.0
559	4	5	1	of	0.000195	2.8146024728002113	10.18009090423584
560	4	5	2	the	0.000347	0.4715985921095806	2.4674644470214844
561	4	5	3	most	2.75e-06	2.1541641827339735	7.406017303466797
562	4	5	4	obvious	0.0	8.648982474450452	7.2244157791137695
563	4	5	5	safety	1.55e-06	11.665620588648613	8.018964767456055
564	4	5	6	precautions	0.0	5.802641702207056	5.660239527001977
565	4	5	7	is	4.79e-05	2.1551583526874367	5.045520305633545
566	4	5	8	to	0.000219	0.8354609881269591	4.177873611450195
567	4	5	9	purchase	0.0	8.881600979833902	7.1142449378967285
568	4	5	10	a	0.000224	1.3339706527781068	5.657827854156494
569	4	5	11	good	1.02e-05	5.481301346898926	9.308558464050293
570	4	5	12	anti-	6.92e-06	6.833857425747788	9.326631784439087
571	4	5	13	virus	1.32e-06	15.055165176314622	5.832230567932129
572	4	5	14	and	0.000117	4.346178875285989	5.790037155151367
573	4	5	15	anti-	6.92e-06	0.8829712598578289	3.304799795150757
574	4	5	16	spyware	0.0	3.4754840389116834	4.385707948356867
575	4	5	17	program.	2.19e-06	2.7356750419118683	7.989270210266113
576	5	5	0	Passwords	0.0	8.725408851910485	10.187082052230835
577	5	5	1	are	1.62e-05	4.994824361899886	9.542848587036133
578	5	5	2	also	2.24e-06	5.332887374836606	8.25928783416748
579	5	5	3	a	0.000224	3.835461908798777	8.019512176513672
580	5	5	4	very	4.37e-06	5.34832012196404	7.194587230682373
581	5	5	5	important	0.0	1.7713340932222683	5.03216552734375
582	5	5	6	part	8.51e-06	1.2404119666509867	4.638859272003174
583	5	5	7	of	0.000195	0.13834681191877354	0.7883951663970947
584	5	5	8	online	6.76e-05	5.910834200593456	6.651944637298584
585	5	5	9	security,	7.24e-06	5.1169554923902885	9.748456478118896
586	5	5	10	and	0.000117	2.4712951596203383	5.337733268737793
587	5	5	11	several	0.0	9.818617043521735	7.441770076751709
588	5	5	12	tips	4.07e-06	9.121164027785971	7.269641118124127
589	5	5	13	can	8.32e-06	2.5375754875961687	4.386794090270996
590	5	5	14	help	3.8e-06	0.4146975869520311	1.8929363489151
591	5	5	15	users	0.0	8.323019285913038	2.6687419414520264
592	5	5	16	create	0.0	7.049417584323107	6.516995906829834
593	5	5	17	more	3.16e-05	5.307106260326029	4.925319671630859
594	5	5	18	secure	0.0	1.098949816918099	4.69401741027832
595	5	5	19	passwords.	0.0	1.476030791085332	6.251636192086153
596	6	5	0	First,	8.71e-06	5.160224831973911	10.616168975830078
597	6	5	1	they	3.8e-06	6.532425791909346	7.442811965942383
598	6	5	2	should	1.78e-06	5.497886652101368	8.058863639831543
599	6	5	3	be	2.19e-05	2.6444760301455905	7.311895370483398
600	6	5	4	something	1.41e-06	13.78412548458127	8.124809265136719
601	6	5	5	that	1.35e-05	2.3266239544950817	6.114939212799072
602	6	5	6	can	8.32e-06	4.367068904857646	6.612532615661621
603	6	5	7	easily	0.0	5.9375308643511415	5.354313373565674
604	6	5	8	be	2.19e-05	0.7614522510909798	4.296095848083496
605	6	5	9	remembered,	0.0	14.945742628845045	12.619816303253174
606	6	5	10	but	5.75e-06	4.837997672202117	7.292179107666016
607	6	5	11	they	3.8e-06	3.8500684106177343	6.595232009887695
608	6	5	12	should	1.78e-06	1.9357795763939423	4.227478504180908
609	6	5	13	not	1.45e-05	3.2403064246027755	2.751807689666748
610	6	5	14	be	2.19e-05	0.5291909622368787	3.071742057800293
611	6	5	15	something	1.41e-06	2.084942338276342	7.057948589324951
612	6	5	16	others	1.35e-06	15.269716350625702	1.5124168395996094
613	6	5	17	can	8.32e-06	2.1641108314198525	5.450716495513916
614	6	5	18	guess	1.1e-06	11.215466403529508	6.150764379650354
615	6	5	19	easily.	0.0	7.784133959224272	6.791376829147339
616	7	5	0	Your	2.4e-05	0.0	0.0
617	7	5	1	first	8.71e-06	8.109238839948322	10.592179298400879
618	7	5	2	or	1.48e-05	10.151077111227398	9.187768936157227
619	7	5	3	last	7.94e-06	0.9573782442572659	4.459370136260986
620	7	5	4	name,	1.15e-05	7.344537455920353	12.036245822906494
621	7	5	5	phone	4.27e-06	8.29909753753654	7.649677753448486
622	7	5	6	number,	4.9e-06	1.045824376898211	3.5363632440567017
623	7	5	7	or	1.48e-05	3.8366792438847845	5.023284435272217
624	7	5	8	the	0.000347	9.75989551568048	3.075915813446045
625	7	5	9	name	1.15e-05	3.39920948354549	5.594151020050049
626	7	5	10	of	0.000195	0.5453492818604353	2.359281539916992
627	7	5	11	your	2.4e-05	1.7543267488589156	3.1595919132232666
628	7	5	12	street	2.19e-05	12.686119293365044	6.729785919189453
629	7	5	13	are	1.62e-05	9.474341559077901	4.511589527130127
630	7	5	14	all	4.68e-05	5.3587308763233175	6.1465020179748535
631	7	5	15	bad	9.33e-06	12.709417625992357	7.284065246582031
632	7	5	16	choices,	0.0	9.658353366167196	10.232196894241497
633	7	5	17	as	1.2e-05	4.821681484973982	5.975674152374268
634	7	5	18	people	8.51e-06	7.37963126049959	5.947796821594238
635	7	5	19	could	1.82e-06	7.903796862273338	6.5445051193237305
636	7	5	20	learn	0.0	9.47928253805144	6.621335506439209
637	7	5	21	this	2.4e-05	7.118759704905687	4.877319812774658
638	7	5	22	information	3.89e-06	1.4744631809724469	5.093695640563965
639	7	5	23	quite	0.0	10.443095355116274	5.276126384735107
640	7	5	24	easily.	0.0	1.491130302555689	5.145624160766602
641	8	5	0	Longer	0.0	9.113740779439732	10.365155220031738
642	8	5	1	passwords	0.0	21.27790387720701	18.803253695368767
643	8	5	2	are	1.62e-05	2.6180664643729212	6.902122974395752
644	8	5	3	more	3.16e-05	3.531895059874866	7.274060249328613
645	8	5	4	secure,	0.0	4.898436693594604	9.52930736541748
646	8	5	5	and	0.000117	2.688688909218906	6.311972618103027
647	8	5	6	those	1.07e-06	9.178472593427985	7.086545467376709
648	8	5	7	that	1.35e-05	2.8406196694394303	6.2261762619018555
649	8	5	8	use	3.24e-06	6.455066569546323	4.68063497543335
650	8	5	9	a	0.000224	3.1627247153346816	7.474750518798828
651	8	5	10	mixture	0.0	11.528472254460713	7.741830348968506
652	8	5	11	of	0.000195	0.029572651844383277	0.2788790166378021
653	8	5	12	upper	0.0	7.761327621271262	7.660975933074951
654	8	5	13	and	0.000117	1.2004277566860024	1.891190528869629
655	8	5	14	lower	1.78e-06	0.013876383593056128	0.1379769742488861
656	8	5	15	case	5.75e-06	1.1689842084438913	3.052443742752075
657	8	5	16	letters	0.0	0.7402639186368228	3.1281211376190186
658	8	5	17	and	0.000117	2.58048582276556	4.29891300201416
659	8	5	18	a	0.000224	6.427244732887269	4.594249248504639
660	8	5	19	combination	0.0	3.452331969086553	7.459188461303711
661	8	5	20	of	0.000195	0.07951229661064105	0.6681602001190186
662	8	5	21	letters	0.0	5.585550758305891	3.8108439445495605
663	8	5	22	and	0.000117	0.9890818238401599	3.7946324348449707
664	8	5	23	numbers	0.0	0.9662911837332346	2.981996536254883
665	8	5	24	are	1.62e-05	1.1366640455448196	4.109860897064209
666	8	5	25	more	3.16e-05	1.533096574247888	5.034512042999268
667	8	5	26	secure	0.0	0.9992331612129973	4.046756267547607
668	8	5	27	than	2.04e-06	4.141499402465619	2.098646640777588
669	8	5	28	those	1.07e-06	0.3532076303722909	2.1369166374206543
670	8	5	29	that	1.35e-05	0.776438815876816	2.7555289268493652
671	8	5	30	do	1.62e-05	4.907725791587194	2.818443775177002
672	8	5	31	not.	1.45e-05	1.1322512430468077	3.2297754287719727
673	9	5	0	Finally,	0.0	5.089652302382384	11.220401763916016
674	9	5	1	passwords	0.0	19.93057898121166	13.60186081379652
675	9	5	2	should	1.78e-06	4.696723985095725	5.0799078941345215
676	9	5	3	be	2.19e-05	0.6540939886500639	2.7228305339813232
677	9	5	4	changed	0.0	6.1524700445745095	7.754172325134277
678	9	5	5	often.	0.0	8.834380603845055	9.59480881690979
679	10	5	0	This	2.4e-05	0.0	0.0
680	10	5	1	can	8.32e-06	7.576779556246721	8.196046829223633
681	10	5	2	make	9.12e-06	6.32823522261059	3.5090813636779785
682	10	5	3	remembering	0.0	18.470602708437525	10.137391090393066
683	10	5	4	them	2.63e-06	7.044644703718356	7.283836364746094
684	10	5	5	more	3.16e-05	4.660902602620568	6.060636043548584
685	10	5	6	difficult,	0.0	3.873450894998182	8.601532459259033
686	10	5	7	but	5.75e-06	2.2304825390810157	4.97035026550293
687	10	5	8	the	0.000347	4.229264233317124	6.08160400390625
688	10	5	9	extra	4.07e-06	9.87811288273401	9.912223815917969
689	10	5	10	effort	0.0	3.588499614845707	7.9202189445495605
690	10	5	11	is	4.79e-05	2.5053160203018128	5.510936737060547
691	10	5	12	worth	0.0	0.15125644247292694	1.1296099424362183
692	10	5	13	the	0.000347	4.178506848750947	1.5211048126220703
693	10	5	14	added	1.62e-06	6.356364405158113	5.9351067543029785
694	10	5	15	security.	7.24e-06	11.518730042075134	11.36184310913086
695	1	6	0	Many	1.17e-06	0.0	0.0
696	1	6	1	people	8.51e-06	2.846884367107834	9.070789337158203
697	1	6	2	fail	0.0	9.846143247821743	7.070431709289551
698	1	6	3	to	0.000219	0.29960166412409117	1.8829823732376099
699	1	6	4	realize	0.0	2.8835870965559045	6.600070789223537
700	1	6	5	just	9.33e-06	7.112597706743203	2.7592482566833496
701	1	6	6	how	1.02e-05	0.16229729409297855	0.6846174001693726
702	1	6	7	crucial	0.0	5.547871519778938	5.997797966003418
703	1	6	8	getting	0.0	8.960234523761253	7.813827037811279
704	1	6	9	a	0.000224	2.8450683506593877	7.194714069366455
705	1	6	10	good	1.02e-05	3.1876416982126687	8.893378257751465
706	1	6	11	night's	0.0	8.169537543506666	10.72791063785553
707	1	6	12	sleep	1.78e-06	0.1648824250663606	0.5439245700836182
708	1	6	13	actually	0.0	7.954152369488752	1.710860013961792
709	1	6	14	is.	4.79e-05	0.6351531678821785	2.6451653838157654
710	2	6	0	It	3.31e-05	0.0	0.0
711	2	6	1	is	4.79e-05	1.6616176492324863	5.4859538078308105
712	2	6	2	usually	0.0	7.341747868614508	7.747304916381836
713	2	6	3	suggested	0.0	7.129687775768476	8.182718276977539
714	2	6	4	that	1.35e-05	1.0028895345574655	2.259648323059082
715	2	6	5	adults	0.0	9.868279130991061	6.9942402839660645
716	2	6	6	get	1.05e-05	5.990161304583839	7.210507392883301
717	2	6	7	about	7.59e-06	8.761762633420739	7.481086254119873
718	2	6	8	seven	2.88e-06	7.921372095512366	6.17878532409668
719	2	6	9	hours	2.14e-06	4.065487911254782	6.7895379066467285
720	2	6	10	of	0.000195	0.47163531832772526	2.316223621368408
721	2	6	11	sleep	1.78e-06	0.5028129313616044	2.9378786087036133
722	2	6	12	every	2.29e-06	2.6445642118261974	3.5238280296325684
723	2	6	13	night,	1.82e-05	2.0612515211513527	3.5839754939079285
724	2	6	14	and	0.000117	3.028391721727698	5.2836456298828125
725	2	6	15	younger	0.0	8.037416015269926	6.011205196380615
726	2	6	16	children	2.63e-06	1.0513361030841437	2.7784156799316406
727	2	6	17	should	1.78e-06	4.819710349529117	5.265015602111816
728	2	6	18	get	1.05e-05	2.4997036913110535	4.2193121910095215
729	2	6	19	even	1.15e-06	9.201903903502632	4.612761974334717
730	2	6	20	more.	3.16e-05	2.5617694858984685	6.0449018478393555
731	3	6	0	Sleep	1.78e-06	10.558055820294303	10.629446029663086
732	3	6	1	has	5.5e-06	9.946296799957565	8.410330772399902
733	3	6	2	several	0.0	9.262301773813224	6.086141586303711
734	3	6	3	benefits.	0.0	4.418138655883772	11.05271291732788
735	4	6	0	First,	8.71e-06	5.160224831973911	10.616168975830078
736	4	6	1	it	3.31e-05	4.871316983290539	7.442816734313965
737	4	6	2	is	4.79e-05	1.7649465566294165	4.421167850494385
738	4	6	3	believed	0.0	9.620702021821963	6.017151355743408
739	4	6	4	to	0.000219	4.63587282769203	1.529922604560852
740	4	6	5	improve	0.0	12.483692084045355	2.35243558883667
741	4	6	6	memory.	3.98e-06	8.683688904279197	12.897220611572266
742	5	6	0	This	2.4e-05	0.0	0.0
743	5	6	1	is	4.79e-05	2.1653991396590295	8.196046829223633
744	5	6	2	one	3.31e-05	5.278289145706823	5.491049766540527
745	5	6	3	reason	0.0	6.904353321503077	3.5251054763793945
746	5	6	4	why	3.16e-06	1.3353029491748258	4.625329971313477
747	5	6	5	it	3.31e-05	4.021261003987238	7.276220321655273
748	5	6	6	is	4.79e-05	1.397570931640781	3.5116233825683594
749	5	6	7	always	2.51e-06	6.767128107875285	5.330444812774658
750	5	6	8	preferable	0.0	7.5890855492234435	6.395233571529388
751	5	6	9	to	0.000219	0.16736442190401846	0.9346453547477722
752	5	6	10	sleep	1.78e-06	12.412063890189614	6.825858116149902
753	5	6	11	the	0.000347	8.367669694551815	3.805119037628174
754	5	6	12	night	1.82e-05	1.149273007657946	5.243062973022461
755	5	6	13	before	2e-06	0.778975390665124	3.3669936656951904
756	5	6	14	a	0.000224	4.766079329007831	6.066046237945557
757	5	6	15	test	8.51e-06	5.778893058145168	7.931840419769287
758	5	6	16	rather	0.0	7.3825420632986525	4.262911796569824
759	5	6	17	than	2.04e-06	0.023817426376187868	0.18693947792053223
760	5	6	18	stay	2.88e-06	9.669608950503891	7.001821994781494
761	5	6	19	up	3.8e-05	2.050127971393834	4.5970869064331055
762	5	6	20	for	6.46e-05	3.7349480152652665	4.650572776794434
763	5	6	21	the	0.000347	1.4320040160978778	4.396729946136475
764	5	6	22	entire	0.0	4.833183664115771	4.083003520965576
765	5	6	23	night	1.82e-05	4.982253329610525	2.5172677040100098
766	5	6	24	to	0.000219	5.540178815085961	3.004087448120117
767	5	6	25	review	9.55e-06	9.064284328740808	6.574123859405518
768	5	6	26	the	0.000347	1.2326223320782121	3.871880054473877
769	5	6	27	information.	3.89e-06	8.627323665199645	9.36776876449585
770	6	6	0	On	0.000138	0.0	0.0
771	6	6	1	a	0.000224	5.563474109816581	9.264811515808105
772	6	6	2	related	0.0	14.371876789834667	8.350311279296875
773	6	6	3	note,	6.76e-06	6.549942124967397	11.37618350982666
774	6	6	4	sleep	1.78e-06	16.96193419225544	8.079686164855957
775	6	6	5	also	2.24e-06	9.322557022023785	6.824930667877197
776	6	6	6	improves	0.0	7.410304024172012	7.134219944477081
777	6	6	7	concentration	0.0	7.221929489657205	6.542503356933594
778	6	6	8	and	0.000117	1.8539665127496026	3.5739314556121826
779	6	6	9	mental	0.0	7.074173859844257	7.359476566314697
780	6	6	10	alertness.	0.0	3.5392204072760642	7.871464988216758
781	7	6	0	Those	1.07e-06	9.256699115154882	7.395839214324951
782	7	6	1	who	7.94e-06	2.193345954619037	8.030938148498535
783	7	6	2	get	1.05e-05	9.33575119220865	7.692420482635498
784	7	6	3	sufficient	0.0	12.664730828412866	8.386974334716797
785	7	6	4	sleep	1.78e-06	2.901262684391951	8.519947052001953
786	7	6	5	are	1.62e-05	2.8401643783266226	6.137243747711182
787	7	6	6	able	0.0	5.096394662798364	6.976845741271973
788	7	6	7	to	0.000219	0.007511515007016308	0.08531179279088974
789	7	6	8	concentrate	0.0	5.276844979538964	7.92140531539917
790	7	6	9	on	0.000138	1.0950267021591937	3.74965238571167
791	7	6	10	work	4.17e-06	4.759648137078437	5.80812406539917
792	7	6	11	tasks	0.0	7.235376908035235	4.055747032165527
793	7	6	12	better	2.4e-06	6.152865308978894	4.661325454711914
794	7	6	13	and	0.000117	2.488245416258739	3.130472421646118
795	7	6	14	also	2.24e-06	5.6596475725378665	7.448938369750977
796	7	6	15	react	0.0	12.147861719804796	7.255814075469971
797	7	6	16	faster	0.0	3.5658910346992156	4.057297706604004
798	7	6	17	when	5.37e-06	5.329646843581013	2.912785053253174
799	7	6	18	they	3.8e-06	2.150705151135285	6.364128112792969
800	7	6	19	are	1.62e-05	1.620645960673751	4.7049946784973145
801	7	6	20	driving	0.0	11.184968772149512	7.366859436035156
802	7	6	21	a	0.000224	5.195645214038345	3.645261287689209
803	7	6	22	car,	6.76e-06	3.9248683213604343	5.6951680183410645
804	7	6	23	for	6.46e-05	6.661388463905265	7.818500518798828
805	7	6	24	example.	0.0	0.9356565883140081	3.444620728492737
806	8	6	0	Finally,	0.0	5.089651864190887	11.22040319442749
807	8	6	1	people	8.51e-06	10.27635780192246	7.546145439147949
808	8	6	2	who	7.94e-06	2.775839894190119	6.693746089935303
809	8	6	3	get	1.05e-05	7.238896010785628	6.725018501281738
810	8	6	4	enough	1.51e-06	7.451117782688131	8.669778823852539
811	8	6	5	sleep	1.78e-06	1.9308739708127072	7.603071689605713
812	8	6	6	have	8.91e-06	4.70383868873837	5.9471049308776855
813	8	6	7	better	2.4e-06	3.1667754731048925	5.043349742889404
814	8	6	8	immunity	0.0	6.832714723970442	7.3591925501823425
815	8	6	9	against	2.69e-06	3.7182306737424793	3.4912619590759277
816	8	6	10	illness.	0.0	6.632625423712917	9.412012815475464
817	9	6	0	The	0.000347	0.0	0.0
818	9	6	1	reason	0.0	10.463192897999448	12.315144538879395
819	9	6	2	for	6.46e-05	2.767784769016127	5.346330642700195
820	9	6	3	this	2.4e-05	1.4163009783130986	5.265313148498535
821	9	6	4	is	4.79e-05	0.9744869701166956	5.60037899017334
822	9	6	5	not	1.45e-05	6.169525702240834	4.050339221954346
823	9	6	6	fully	0.0	9.670590827830354	7.43506383895874
824	9	6	7	understood,	0.0	2.643973105242538	5.594675064086914
825	9	6	8	but	5.75e-06	0.8726584890230937	3.4725136756896973
826	9	6	9	researchers	0.0	8.688868271837269	5.97960090637207
827	9	6	10	believe	0.0	2.310322090063706	4.96782922744751
828	9	6	11	that	1.35e-05	1.2006481139845062	4.103377819061279
829	9	6	12	an	1.2e-05	7.046784168483055	7.692134857177734
830	9	6	13	increase	0.0	3.715125220445742	8.66280746459961
831	9	6	14	in	0.000166	0.09418756510426925	0.47064438462257385
832	9	6	15	the	0.000347	1.881005239993527	8.371806144714355
833	9	6	16	production	1.7e-06	6.337639660150261	8.486358642578125
834	9	6	17	of	0.000195	0.22553383445631692	1.444270133972168
835	9	6	18	growth	0.0	8.891877749554574	9.249040603637695
836	9	6	19	hormone	0.0	0.772328890300669	1.5969312191009521
837	9	6	20	and	0.000117	4.708468411197441	6.033784866333008
838	9	6	21	melatonin	0.0	8.962874783008548	7.086753153242171
839	9	6	22	plays	0.0	8.81568214460455	5.876527786254883
840	9	6	23	a	0.000224	0.4927666994108122	1.3039408922195435
841	9	6	24	role.	1.48e-06	4.62195395602391	3.1041021943092346
842	1	7	0	A	0.000224	0.0	0.0
843	1	7	1	Hibernation	0.0	22.965001618723914	22.167194843292236
844	1	7	2	bird's	0.0	24.232172957157896	19.505870819091797
845	1	7	3	in	0.000166	8.505705196983515	6.256632328033447
846	1	7	4	feathers	0.0	12.53206343565602	7.539363384246826
847	1	7	5	animals	1.66e-06	16.61501038554021	7.269569396972656
848	1	7	6	are	1.62e-05	4.288962939171831	8.055156707763672
849	1	7	7	is	4.79e-05	12.940105361506818	9.135005950927734
850	1	7	8	extremely	0.0	8.021592660368563	8.452692985534668
851	1	7	9	an	1.2e-05	11.780251850555342	7.376187324523926
852	1	7	10	important,	0.0	10.807291820309018	16.51182746887207
853	1	7	11	extremely	0.0	9.893784689524908	9.196063995361328
854	1	7	12	and	0.000117	9.100209597534667	7.779212951660156
855	1	7	13	fascinating	0.0	10.604245447120494	8.720604464411736
856	1	7	14	when	5.37e-06	10.47999489855506	8.698135375976562
857	1	7	15	phenomenon,	0.0	20.36575252281181	13.796675682067871
858	1	7	16	they	3.8e-06	6.522224196738927	8.279975891113281
859	1	7	17	one	3.31e-05	12.495769944338603	7.209702491760254
860	1	7	18	clean	2.57e-06	14.298849031132091	8.34391975402832
861	1	7	19	that	1.35e-05	8.434745998235526	7.813375473022461
862	1	7	20	and	0.000117	6.637742446940245	8.985830307006836
863	1	7	21	biologists	0.0	14.709470728229302	14.369019985198975
864	1	7	22	smooth	0.0	17.99315433147244	8.144789695739746
865	1	7	23	are	1.62e-05	8.633303866800102	8.044082641601562
866	1	7	24	them,	2.63e-06	13.065167900830959	17.865513801574707
867	1	7	25	not	1.45e-05	7.190956018135073	9.115057945251465
868	1	7	26	it	3.31e-05	7.130068753570568	9.50561237335205
869	1	7	27	yet	1.26e-06	10.821364019812647	8.590539932250977
870	1	7	28	is	4.79e-05	5.294020390352853	8.986868858337402
871	1	7	29	close	1.82e-06	11.670326273648396	9.098821640014648
872	1	7	30	known	0.0	10.526801616322473	8.339360237121582
873	1	7	31	to	0.000219	4.58314939552348	7.791902542114258
874	1	7	32	as	1.2e-05	6.971565263564749	9.42621898651123
875	1	7	33	understanding	0.0	13.548074937853226	9.305520057678223
876	1	7	34	preening.	0.0	27.142636926434317	21.277187824249268
877	1	7	35	fully.	0.0	20.184692442656676	17.884737014770508
878	2	7	0	Birds	1.62e-06	12.12106927230786	10.452322959899902
879	2	7	1	However,	0.0	19.12821029411984	12.53587818145752
880	2	7	2	in	0.000166	5.325399847513246	8.18127155303955
881	2	7	3	it	3.31e-05	12.126544153108405	7.600947856903076
882	2	7	4	the	0.000347	6.2328358393029015	5.768716335296631
883	2	7	5	is	4.79e-05	11.924415253522398	11.930471420288086
884	2	7	6	wild	6.92e-06	12.122891425637473	10.125950813293457
885	2	7	7	quite	0.0	11.874035442858698	9.848777770996094
886	2	7	8	preen	0.0	24.081966632819075	12.179832935333252
887	2	7	9	easy	4.9e-06	13.957298431907827	9.35022258758545
888	2	7	10	their	2.63e-06	10.502492751814673	9.489294052124023
889	2	7	11	to	0.000219	4.701600498193504	10.103616714477539
890	2	7	12	feathers	0.0	14.09302490430806	13.483256578445435
891	2	7	13	understand	0.0	14.235082965442121	8.737850189208984
892	2	7	14	on	0.000138	8.302336475798802	9.25137710571289
893	2	7	15	why	3.16e-06	10.34511239175243	9.447752952575684
894	2	7	16	a	0.000224	6.055222267684926	8.836540222167969
895	2	7	17	animals	1.66e-06	9.3540935834816	10.209739685058594
896	2	7	18	regular	0.0	14.710926156058795	8.629457473754883
897	2	7	19	hibernate	0.0	17.621904764654662	14.05311131477356
898	2	7	20	basis.	0.0	16.41539108871594	15.74892520904541
899	2	7	21	during	0.0	11.772314142957379	9.004192352294922
900	2	7	22	the	0.000347	2.6038647047499124	8.470544815063477
901	2	7	23	cold	2.34e-06	9.741407945159063	9.70833969116211
902	2	7	24	winter	3.47e-06	4.198346695081219	8.109943389892578
903	2	7	25	months.	0.0	6.990682807100934	12.936823844909668
904	3	7	0	This	2.4e-05	0.0	0.0
905	3	7	1	is	4.79e-05	2.1653991396590295	8.196046829223633
906	3	7	2	true	8.51e-06	8.563045024426893	5.491049766540527
907	3	7	3	of	0.000195	2.2651256475633232	4.887539863586426
908	3	7	4	most	2.75e-06	3.9599924508837994	7.62843656539917
909	3	7	5	Usually,	0.0	26.78752806633974	23.44793152809143
910	3	7	6	captive	0.0	19.00676209752104	11.928661823272705
911	3	7	7	it	3.31e-05	12.25442547866835	10.587818145751953
912	3	7	8	birds	1.62e-06	16.328622203516346	7.2335004806518555
913	3	7	9	is	4.79e-05	8.423468483649515	6.358847618103027
914	3	7	10	as	1.2e-05	7.281851482148054	8.941729545593262
915	3	7	11	because	1.26e-06	11.342342128331127	8.517169952392578
916	3	7	12	well,	3.31e-06	14.67509284099437	13.886721134185791
917	3	7	13	their	2.63e-06	7.586361741966792	8.90402889251709
918	3	7	14	but	5.75e-06	9.884520348366136	11.186531066894531
919	3	7	15	food	1.12e-05	13.12011447818149	8.506439208984375
920	3	7	16	not	1.45e-05	8.86609113555091	7.541965961456299
921	3	7	17	is	4.79e-05	6.543778331737765	9.185307502746582
922	3	7	18	all.	4.68e-05	12.418487039184352	17.77952003479004
923	3	7	19	quite	0.0	14.02672497474715	8.025772094726562
924	3	7	20	scarce	0.0	15.88198653104578	10.27452564239502
925	3	7	21	during	0.0	10.153133691664218	8.075905799865723
926	3	7	22	this	2.4e-05	4.464715129597255	7.9473090171813965
927	3	7	23	time.	3.24e-05	6.75158059713349	15.780639171600342
928	4	7	0	For	6.46e-05	0.0	0.0
929	4	7	1	example,	0.0	4.0494802612905545	10.369097352027893
930	4	7	2	some	2.34e-06	7.222325994566837	7.54166841506958
931	4	7	3	birds	1.62e-06	11.82876806394428	10.141915321350098
932	4	7	4	do	1.62e-05	6.1463439774164925	6.959139823913574
933	4	7	5	Animals	1.66e-06	23.12669045746909	4.540634870529175
934	4	7	6	not	1.45e-05	6.971361071745292	8.647368431091309
935	4	7	7	that	1.35e-05	9.394252950310689	8.779248237609863
936	4	7	8	preen	0.0	23.775964751389672	9.784744024276733
937	4	7	9	are	1.62e-05	5.538565267920229	7.928641319274902
938	4	7	10	their	2.63e-06	8.125667255136444	9.343877792358398
939	4	7	11	herbivores	0.0	14.873657483133154	12.471993565559387
940	4	7	12	feathers	0.0	17.114589264228723	6.635804653167725
941	4	7	13	will	9.33e-06	8.716564556519895	5.782813549041748
942	4	7	14	at	7.41e-05	10.531178235004834	7.184614181518555
943	4	7	15	find	2.82e-06	14.931454258735808	4.976555347442627
944	4	7	16	all.	4.68e-05	14.785780680855293	15.60822582244873
945	4	7	17	the	0.000347	9.51890394916963	7.83859395980835
946	4	7	18	winters	0.0	15.09916753129244	14.825198650360107
947	4	7	19	extremely	0.0	11.862594791137054	7.797520637512207
948	4	7	20	tough,	0.0	11.912869322851698	15.1798415184021
949	4	7	21	because	1.26e-06	6.8571101658757	7.971518039703369
950	4	7	22	all	4.68e-05	7.3243766031986475	6.263708591461182
951	4	7	23	of	0.000195	3.3584869875494268	7.617198467254639
952	4	7	24	the	0.000347	1.2870994171618724	4.1976704597473145
953	4	7	25	vegetation	0.0	5.887337310248442	9.7947998046875
954	4	7	26	will	9.33e-06	4.958285877619608	6.942677974700928
955	4	7	27	have	8.91e-06	5.207361899176943	7.630336761474609
956	4	7	28	died	0.0	5.899876357336645	7.464841365814209
957	4	7	29	off	2.19e-05	4.461075548157607	5.269893646240234
958	4	7	30	by	9.55e-05	5.251840427437463	5.08697509765625
959	4	7	31	the	0.000347	1.4251050958074312	6.215060234069824
960	4	7	32	time	3.24e-05	3.1275512160234973	7.919474124908447
961	4	7	33	winter	3.47e-06	5.381932136086956	4.845942497253418
962	4	7	34	arrives.	0.0	4.007734311422044	8.139535188674927
963	5	7	0	This	2.4e-05	0.0	0.0
964	5	7	1	problem	1.66e-06	10.568672394854145	8.196046829223633
965	5	7	2	is	4.79e-05	1.5466555070969363	5.065556049346924
966	5	7	3	most	2.75e-06	6.631903899058756	7.83428955078125
967	5	7	4	common	1.32e-06	3.8564086141302023	4.544700622558594
968	5	7	5	in	0.000166	1.483582907365067	3.604381561279297
969	5	7	6	birds	1.62e-06	13.226667185648314	9.187320709228516
970	5	7	7	that	1.35e-05	3.2675140373755234	5.179884910583496
971	5	7	8	are	1.62e-05	1.842080742805011	5.347653865814209
972	5	7	9	taken	0.0	10.978658393977822	9.014354705810547
973	5	7	10	from	2.24e-05	2.7620426033663654	4.937706470489502
974	5	7	11	their	2.63e-06	5.297018871746245	7.995766639709473
975	5	7	12	mothers	0.0	4.145319396315744	7.326326966285706
976	5	7	13	at	7.41e-05	6.647778319080999	4.657557010650635
977	5	7	14	a	0.000224	4.338174070611569	5.351817607879639
978	5	7	15	very	4.37e-06	5.216456871807476	5.660179615020752
979	5	7	16	young	5.5e-06	0.5058768684969469	1.5856624841690063
980	5	7	17	age.	3.63e-06	1.0478265596902223	3.3232609629631042
981	5	7	18	Hibernation	0.0	21.260304896035965	16.3429172039032
982	5	7	19	is	4.79e-05	2.087581799029912	5.905069828033447
983	5	7	20	essentially	0.0	11.532516712414214	6.090518474578857
984	5	7	21	a	0.000224	1.8739174027558119	5.051437854766846
985	5	7	22	way	6.03e-06	8.249786165823775	9.162168502807617
986	5	7	23	of	0.000195	2.102224048292692	2.0774738788604736
987	5	7	24	dealing	0.0	7.76891244655354	8.322721481323242
988	5	7	25	with	3.31e-05	0.011753401943326738	0.13023768365383148
989	5	7	26	this	2.4e-05	1.3196033446416935	4.27471923828125
990	5	7	27	food	1.12e-05	13.896034806536216	3.416962146759033
991	5	7	28	shortage.	0.0	4.447105907425357	10.261537181970198
992	6	7	0	Presumably,	0.0	10.258959800131429	15.61714506149292
993	6	7	1	the	0.000347	2.318872278072524	7.540424346923828
994	6	7	2	absence	0.0	11.144823741958142	11.93511962890625
995	6	7	3	of	0.000195	0.0413169334853785	0.3549668788909912
996	6	7	4	preening	0.0	21.38053571549156	13.409557819366455
997	6	7	5	is	4.79e-05	3.8688441975431522	8.11075210571289
998	6	7	6	due	1.55e-06	2.5611080421232386	6.409326076507568
999	6	7	7	to	0.000219	0.045146089085507615	0.3645561635494232
1000	6	7	8	the	0.000347	1.179892730258029	5.698337554931641
1001	6	7	9	fact	1.41e-06	2.8355631862858672	9.086140632629395
1002	6	7	10	that	1.35e-05	0.08108991598045286	0.6619058847427368
1003	6	7	11	Animals	1.66e-06	19.110988573378027	12.72728157043457
1004	6	7	12	they	3.8e-06	12.850416132757056	7.699323654174805
1005	6	7	13	like	1.48e-05	7.686473804282721	6.588372707366943
1006	6	7	14	were	2e-06	8.90259600884885	5.686504364013672
1007	6	7	15	birds	1.62e-06	14.281336170750336	8.046215057373047
1008	6	7	16	never	4.57e-06	11.151198095302803	5.212513446807861
1009	6	7	17	rely	0.0	18.913106068115724	8.755377769470215
1010	6	7	18	shown	0.0	20.189816624858448	1.6909550428390503
1011	6	7	19	on	0.000138	3.784994390528374	7.207857608795166
1012	6	7	20	how	1.02e-05	9.113499905495486	8.056095123291016
1013	6	7	21	seeds	0.0	13.745162108771911	5.784487724304199
1014	6	7	22	to	0.000219	6.625266009018617	6.626274585723877
1015	6	7	23	and	0.000117	11.50842516021338	7.766757488250732
1016	6	7	24	do	1.62e-05	6.830761716711809	9.584442138671875
1017	6	7	25	small	3.98e-06	12.764031661742054	7.828846454620361
1018	6	7	26	it	3.31e-05	10.82217947914958	8.923053741455078
1019	6	7	27	insects	0.0	14.858741326517963	7.487137317657471
1020	6	7	28	properly.	0.0	14.252188209804308	12.75569772720337
1021	6	7	29	for	6.46e-05	12.735419811265071	6.875270843505859
1022	6	7	30	sustenance.	0.0	20.625808332007033	18.82797361910343
1023	7	7	0	A	0.000224	0.0	0.0
1024	7	7	1	more	3.16e-05	13.827912848503725	11.245856285095215
1025	7	7	2	Obviously,	0.0	28.54151707154325	23.98514699935913
1026	7	7	3	common	1.32e-06	12.329239493068261	9.055155754089355
1027	7	7	4	these	1.45e-06	10.415891703300474	10.401551246643066
1028	7	7	5	problem	1.66e-06	11.38436306721527	9.665742874145508
1029	7	7	6	will	9.33e-06	5.848853204272973	7.7650227546691895
1030	7	7	7	among	0.0	14.203421958842766	7.513040065765381
1031	7	7	8	also	2.24e-06	10.342930198058006	7.858473777770996
1032	7	7	9	captive	0.0	19.354680769554054	12.63144588470459
1033	7	7	10	be	2.19e-05	6.560112695916413	9.993319511413574
1034	7	7	11	birds	1.62e-06	16.304610053039777	10.406693458557129
1035	7	7	12	quite	0.0	11.911829492214853	7.972682476043701
1036	7	7	13	is	4.79e-05	8.342537616106984	10.166983604431152
1037	7	7	14	scarce	0.0	15.950861075783275	12.955632448196411
1038	7	7	15	excessive	0.0	14.175928199511612	9.065744400024414
1039	7	7	16	in	0.000166	5.566530314905535	9.654627799987793
1040	7	7	17	preening.	0.0	24.958770407251876	25.09037494659424
1041	7	7	18	the	0.000347	7.710484111406446	8.778170585632324
1042	7	7	19	winter	3.47e-06	12.306496665192599	11.45695686340332
1043	7	7	20	when	5.37e-06	8.22577304346887	9.526400566101074
1044	7	7	21	the	0.000347	2.963506908540211	9.227145195007324
1045	7	7	22	ground	1.38e-06	8.918121485429488	11.187379837036133
1046	7	7	23	becomes	0.0	7.61636781434156	8.358150482177734
1047	7	7	24	covered	0.0	8.126697834059419	9.000951766967773
1048	7	7	25	and	0.000117	5.147486777788928	5.219972133636475
1049	7	7	26	frozen.	1.74e-06	11.957254517642248	15.496877014636993
1050	8	7	0	Some	2.34e-06	0.0	0.0
1051	8	7	1	birds	1.62e-06	11.082145746814978	10.462240219116211
1052	8	7	2	may	5.37e-06	6.852881424458755	6.839526653289795
1053	8	7	3	pull	0.0	11.92191289311817	7.117765426635742
1054	8	7	4	out	2.51e-05	3.297255334044065	6.152883529663086
1055	8	7	5	large	3.63e-06	10.426908059476803	4.325033187866211
1056	8	7	6	numbers	0.0	6.566499878694893	8.276784896850586
1057	8	7	7	of	0.000195	0.5566885161209928	2.5462372303009033
1058	8	7	8	their	2.63e-06	3.258349611385281	5.998233318328857
1059	8	7	9	Many	1.17e-06	20.178323806307933	7.10345458984375
1060	8	7	10	feathers	0.0	11.21719791503429	10.213038146495819
1061	8	7	11	birds	1.62e-06	13.55166990731215	5.435636520385742
1062	8	7	12	or	1.48e-05	8.26539910920384	7.263233184814453
1063	8	7	13	address	1.55e-06	19.187593122991373	9.55294132232666
1064	8	7	14	bite	0.0	15.471145633265353	14.182485103607178
1065	8	7	15	their	2.63e-06	6.828911947528885	7.218382835388184
1066	8	7	16	them	2.63e-06	14.751249521841054	7.511507987976074
1067	8	7	17	upcoming	0.0	21.90140852200384	6.232219696044922
1068	8	7	18	down	1.26e-05	10.61059959826968	8.823270797729492
1069	8	7	19	food	1.12e-05	12.743192113931066	7.13802433013916
1070	8	7	20	to	0.000219	6.225518150005025	7.152717590332031
1071	8	7	21	shortage	0.0	17.837169163802855	11.060725927352905
1072	8	7	22	the	0.000347	7.618302993589937	5.85646390914917
1073	8	7	23	in	0.000166	8.2050685877019	10.351139068603516
1074	8	7	24	skin.	2.24e-06	16.236310526149836	16.89638090133667
1075	8	7	25	quite	0.0	15.546857120653193	7.395388603210449
1076	8	7	26	a	0.000224	2.9518156549078998	8.986673355102539
1077	8	7	27	different	1.55e-06	9.206613992388373	3.702688694000244
1078	8	7	28	way:	6.03e-06	11.448581661268626	16.34356927871704
1079	8	7	29	they	3.8e-06	4.146368531966055	8.987098693847656
1080	8	7	30	migrate	0.0	11.543888128429861	8.789742108434439
1081	8	7	31	to	0.000219	2.888487318420167	6.982836723327637
1082	8	7	32	warmer	0.0	9.41878397921484	10.09696877002716
1083	8	7	33	areas	0.0	3.1970573257244466	5.554103851318359
1084	8	7	34	where	3.02e-06	3.644048774827067	5.208347797393799
1085	8	7	35	their	2.63e-06	4.010844433873277	5.549881458282471
1086	8	7	36	sources	0.0	10.760119925781982	9.461235046386719
1087	8	7	37	of	0.000195	0.9295465321952804	3.67594838142395
1088	8	7	38	food	1.12e-05	1.2022296460836264	5.188862323760986
1089	8	7	39	will	9.33e-06	5.99529929739125	4.530040264129639
1090	8	7	40	be	2.19e-05	1.0167472428627953	4.8236565589904785
1091	8	7	41	plentiful.	0.0	9.371637760314417	11.615334808826447
1092	9	7	0	It	3.31e-05	0.0	0.0
1093	9	7	1	should	1.78e-06	7.1979950960084125	5.4859538078308105
1094	9	7	2	be	2.19e-05	0.735526043901667	3.2943601608276367
1095	9	7	3	noted	0.0	1.476850382664583	6.157724380493164
1096	9	7	4	that	1.35e-05	0.3199859772350947	1.522953748703003
1097	9	7	5	wild	6.92e-06	13.58162452736233	7.525417804718018
1098	9	7	6	birds	1.62e-06	6.125360316646889	7.657616138458252
1099	9	7	7	never	4.57e-06	10.118640757109256	6.099796772003174
1100	9	7	8	exhibit	0.0	8.357107675253271	8.151880264282227
1101	9	7	9	this	2.4e-05	4.0811097460673995	8.086003303527832
1102	9	7	10	kind	0.0	5.549172356265109	7.510220527648926
1103	9	7	11	of	0.000195	0.003243021470382011	0.04052544757723808
1104	9	7	12	behavior.	0.0	2.747293745627375	11.114718914031982
1105	10	7	0	There	4.68e-06	0.0	0.0
1106	10	7	1	are	1.62e-05	1.3959223582454843	3.159987449645996
1107	10	7	2	several	0.0	4.309412520886086	7.06898307800293
1108	10	7	3	suggestions	0.0	10.573672589496363	9.376624681055546
1109	10	7	4	about	7.59e-06	6.015717585380557	4.431926250457764
1110	10	7	5	how	1.02e-05	2.336547435492506	7.4221296310424805
1111	10	7	6	the	0.000347	4.828436819667308	3.104849338531494
1112	10	7	7	problem	1.66e-06	8.611385509162703	11.750517845153809
1113	10	7	8	of	0.000195	4.320520652184775	4.148212909698486
1114	10	7	9	excessive	0.0	9.06798606733138	10.81765079498291
1115	10	7	10	preening	0.0	18.559169186364638	14.93527603149414
1116	10	7	11	can	8.32e-06	2.132700707957546	5.949629783630371
1117	10	7	12	be	2.19e-05	0.1356029919776664	1.0679912567138672
1118	10	7	13	solved,	0.0	5.206278376552879	8.317129109054804
1119	10	7	14	such	0.0	3.9270622413718153	6.0881876945495605
1120	10	7	15	as	1.2e-05	0.025336934100390868	0.23343387246131897
1121	10	7	16	giving	0.0	9.598834543200104	7.924664497375488
1122	10	7	17	birds	1.62e-06	10.006942332050311	7.657426834106445
1123	10	7	18	baths	0.0	12.839862582718148	10.662802696228027
1124	10	7	19	or	1.48e-05	3.465639642389856	5.058335304260254
1125	10	7	20	placing	0.0	6.069459356332194	8.838943481445312
1126	10	7	21	them	2.63e-06	3.590079147086062	8.21345329284668
1127	10	7	22	in	0.000166	0.5857159384409032	2.4274730682373047
1128	10	7	23	an	1.2e-05	5.4027120207898705	8.03598403930664
1129	10	7	24	area	2.4e-06	1.8619093218992642	5.551711559295654
1130	10	7	25	that	1.35e-05	2.668296173028669	3.946345090866089
1131	10	7	26	has	5.5e-06	2.5159447966358703	4.372509002685547
1132	10	7	27	more	3.16e-05	7.589392473956741	6.302907943725586
1133	10	7	28	activity	1.58e-06	12.143870963565822	5.658511638641357
1134	10	7	29	to	0.000219	5.319223066545622	3.6975674629211426
1135	10	7	30	prevent	0.0	5.03747946889337	7.033764362335205
1136	10	7	31	boredom.	0.0	13.564254140183818	12.495614290237427
1137	11	7	0	However,	0.0	0.270992868685344	2.0332653522491455
1138	11	7	1	these	1.45e-06	7.30073998294187	7.442838668823242
1139	11	7	2	measures	0.0	8.044506879890472	10.231683731079102
1140	11	7	3	are	1.62e-05	2.3566307271139415	5.490174293518066
1141	11	7	4	often	0.0	5.497387652530043	6.394883632659912
1142	11	7	5	not	1.45e-05	3.0901571689340246	8.07562255859375
1143	11	7	6	sufficient	0.0	3.66683632202016	7.127017498016357
1144	11	7	7	to	0.000219	0.9586700483117374	2.9686336517333984
1145	11	7	8	solve	0.0	6.557630494773828	6.901485443115234
1146	11	7	9	the	0.000347	0.41841046461453407	2.618292808532715
1147	11	7	10	problem.	1.66e-06	2.3003286828975726	8.092461824417114
1148	1	8	0	Hibernation	0.0	9.724351355884005	15.680741310119629
1149	1	8	1	At	7.41e-05	12.798904799310359	9.73621940612793
1150	1	8	2	in	0.000166	16.746215835315287	8.371379852294922
1151	1	8	3	one	3.31e-05	11.312479185106694	10.969468116760254
1152	1	8	4	animals	1.66e-06	20.484866857157343	7.476859092712402
1153	1	8	5	time,	3.24e-05	12.90395293433574	16.745513439178467
1154	1	8	6	is	4.79e-05	7.100808316665171	9.718240737915039
1155	1	8	7	the	0.000347	3.317171787951178	8.94054889678955
1156	1	8	8	an	1.2e-05	10.013464730446946	11.255426406860352
1157	1	8	9	use	3.24e-06	14.01939554881032	9.48824405670166
1158	1	8	10	extremely	0.0	13.192654905555917	8.088884353637695
1159	1	8	11	of	0.000195	5.012381208470453	10.618534088134766
1160	1	8	12	fascinating	0.0	14.770612427609498	10.391865134239197
1161	1	8	13	leeches	0.0	21.300712886494278	25.85540771484375
1162	1	8	14	phenomenon,	0.0	18.24000538299262	14.352838516235352
1163	1	8	15	to	0.000219	5.848782892153532	9.183548927307129
1164	1	8	16	one	3.31e-05	8.476031803347485	9.81916332244873
1165	1	8	17	treat	0.0	12.898451768156926	9.432483673095703
1166	1	8	18	that	1.35e-05	5.810528157040075	8.318151473999023
1167	1	8	19	medical	2.51e-06	12.118679876220607	9.857736587524414
1168	1	8	20	biologists	0.0	14.597195463683938	13.694735050201416
1169	1	8	21	problems	0.0	14.384501581786985	8.696353912353516
1170	1	8	22	are	1.62e-05	5.793086104889595	8.724845886230469
1171	1	8	23	was	7.94e-06	10.184189978515034	10.179046630859375
1172	1	8	24	not	1.45e-05	5.324574840490595	9.033942222595215
1173	1	8	25	quite	0.0	9.887251418662572	10.13225269317627
1174	1	8	26	yet	1.26e-06	9.61935596626281	9.87303352355957
1175	1	8	27	common.	1.32e-06	12.496072459452579	16.664798736572266
1176	1	8	28	close	1.82e-06	15.166176826207982	8.97181510925293
1177	1	8	29	to	0.000219	3.1466545566327513	9.425909042358398
1178	1	8	30	understanding	0.0	13.064759039708102	9.523795127868652
1179	1	8	31	fully.	0.0	20.06258013711158	15.237273693084717
1180	2	8	0	If	9.77e-06	0.0	0.0
1181	2	8	1	a	0.000224	5.880872534869885	4.936957359313965
1182	2	8	2	person	1.29e-06	5.031241112176557	10.632266998291016
1183	2	8	3	suffered	0.0	11.857012192874606	6.926281929016113
1184	2	8	4	However,	0.0	24.146484997720048	11.672100067138672
1185	2	8	5	from	2.24e-05	8.529947524325554	8.207160949707031
1186	2	8	6	it	3.31e-05	8.451138002919354	8.386232376098633
1187	2	8	7	a	0.000224	6.958642305722232	6.683770656585693
1188	2	8	8	is	4.79e-05	10.096309994815297	10.754014015197754
1189	2	8	9	snake	1.12e-06	17.08810613579247	15.598355293273926
1190	2	8	10	quite	0.0	12.1201243846773	9.049322128295898
1191	2	8	11	bite	0.0	14.90300841164775	18.127577781677246
1192	2	8	12	easy	4.9e-06	13.189126773688033	8.365957260131836
1193	2	8	13	or	1.48e-05	7.183623323255641	8.650336265563965
1194	2	8	14	to	0.000219	5.835678589906866	10.046586990356445
1195	2	8	15	a	0.000224	4.392835420015894	9.659503936767578
1196	2	8	16	understand	0.0	14.757461868077396	10.279518127441406
1197	2	8	17	bee	1.7e-06	15.555542209042077	17.688268661499023
1198	2	8	18	why	3.16e-06	11.409799713501314	8.858871459960938
1199	2	8	19	sting,	0.0	17.543210930426767	20.87766122817993
1200	2	8	20	animals	1.66e-06	12.220395852397115	8.794690132141113
1201	2	8	21	leeches	0.0	26.58044321120746	23.3177490234375
1202	2	8	22	hibernate	0.0	19.094818545661166	17.64658534526825
1203	2	8	23	were	2e-06	10.059589791924646	8.900947570800781
1204	2	8	24	during	0.0	10.643617347142168	9.802472114562988
1205	2	8	25	believed	0.0	13.687989691119627	9.52023983001709
1206	2	8	26	the	0.000347	4.93342560230739	9.109092712402344
1207	2	8	27	to	0.000219	4.703745548182262	9.901826858520508
1208	2	8	28	cold	2.34e-06	11.261490930760724	9.47045612335205
1209	2	8	29	be	2.19e-05	5.407937553801338	8.757819175720215
1210	2	8	30	winter	3.47e-06	15.408340812109046	3.70949387550354
1211	2	8	31	capable	0.0	15.631448379312952	8.33279800415039
1212	2	8	32	months.	0.0	13.397915975595467	17.319430351257324
1213	2	8	33	of	0.000195	6.707675979740618	8.911332130432129
1214	2	8	34	removing	0.0	14.600830314645417	9.443851470947266
1215	2	8	35	the	0.000347	3.61692145636458	9.012874603271484
1216	2	8	36	poison	0.0	8.399339563887143	9.723952293395996
1217	2	8	37	from	2.24e-05	4.0116850881023	6.8033599853515625
1218	2	8	38	the	0.000347	1.7933042629491815	6.639553070068359
1219	2	8	39	body	8.91e-06	4.220970725222175	8.86168098449707
1220	2	8	40	if	9.77e-06	8.289514509309328	5.568661689758301
1221	2	8	41	they	3.8e-06	4.88575962974359	7.877594470977783
1222	2	8	42	were	2e-06	4.05008247691246	8.403858184814453
1223	2	8	43	placed	0.0	10.601720531048322	9.206141471862793
1224	2	8	44	on	0.000138	2.9138828928617055	5.7205963134765625
1225	2	8	45	top	4.47e-05	6.08678917053501	5.91984748840332
1226	2	8	46	of	0.000195	0.2524771391871971	1.8321093320846558
1227	2	8	47	the	0.000347	2.0136029189121802	6.039987564086914
1228	2	8	48	wound.	0.0	11.214901771703369	14.428100109100342
1229	3	8	0	Usually,	0.0	8.857114208198263	17.608980178833008
1230	3	8	1	it	3.31e-05	4.836592630250982	7.808053016662598
1231	3	8	2	is	4.79e-05	2.0019994793705513	4.581172943115234
1232	3	8	3	because	1.26e-06	8.012177748422845	7.884264945983887
1233	3	8	4	their	2.63e-06	7.902909353378319	5.119529724121094
1234	3	8	5	food	1.12e-05	9.232689018116185	11.22469425201416
1235	3	8	6	is	4.79e-05	1.1107795861467054	5.1995062828063965
1236	3	8	7	quite	0.0	7.906813291478092	7.564601898193359
1237	3	8	8	scarce	0.0	9.860799335600232	7.2090778313577175
1238	3	8	9	during	0.0	9.596348580451524	3.8736135959625244
1239	3	8	10	this	2.4e-05	3.6470501675170777	4.250697612762451
1240	3	8	11	time.	3.24e-05	2.5895596680477007	6.205881595611572
1241	3	8	12	They	3.8e-06	4.651034440616013	6.604580879211426
1242	3	8	13	have	8.91e-06	4.079205391811277	6.265634059906006
1243	3	8	14	also	2.24e-06	6.111471145945387	6.354032516479492
1244	3	8	15	been	3.02e-06	2.4157185966691523	7.396926403045654
1245	3	8	16	used	2.14e-06	7.281795865648078	8.555764198303223
1246	3	8	17	for	6.46e-05	3.383642983305358	2.5222628116607666
1247	3	8	18	blood	2.75e-06	9.73867648842001	9.51174545288086
1248	3	8	19	letting	0.0	18.81249821502684	7.006545305252075
1249	3	8	20	and	0.000117	2.2995552017649343	4.684281349182129
1250	3	8	21	to	0.000219	4.866086746896082	9.112092018127441
1251	3	8	22	stop	9.12e-06	7.07520905737622	8.27749252319336
1252	3	8	23	hemorrhages,	0.0	15.565997509906316	15.509313821792603
1253	3	8	24	although	0.0	6.899936046617014	6.800753116607666
1254	3	8	25	neither	0.0	10.661250426217862	6.118880271911621
1255	3	8	26	of	0.000195	1.5739767771520277	5.498246669769287
1256	3	8	27	these	1.45e-06	0.6474325157545475	1.7836027145385742
1257	3	8	28	leech	0.0	23.02248936406132	11.22481107711792
1258	3	8	29	treatments	0.0	5.64426057835228	8.332859367132187
1259	3	8	30	would	1.74e-06	7.181272729024293	5.049588203430176
1260	3	8	31	be	2.19e-05	2.0266788107581504	4.772810935974121
1261	3	8	32	considered	0.0	5.302404130480131	6.418996810913086
1262	3	8	33	acceptable	0.0	7.780306051652343	5.827667236328125
1263	3	8	34	by	9.55e-05	4.370251076560606	4.263346195220947
1264	3	8	35	present-	0.0	16.65157019882415	11.351183891296387
1265	3	8	36	day	2.45e-05	14.73255691195262	0.023733487352728844
1266	3	8	37	physicians.	0.0	4.418817224633305	8.033227514475584
1267	4	8	0	Animals	1.66e-06	3.589679993113943	4.832273960113525
1268	4	8	1	that	1.35e-05	7.749199654035637	9.729133605957031
1269	4	8	2	are	1.62e-05	3.0273225243660917	7.661664009094238
1270	4	8	3	herbivores	0.0	10.841277544632675	11.230376318097115
1271	4	8	4	will	9.33e-06	6.462535469073816	6.253459930419922
1272	4	8	5	find	2.82e-06	6.956370061199769	6.328893661499023
1273	4	8	6	the	0.000347	3.549084406247059	6.471395969390869
1274	4	8	7	winters	0.0	15.043554152471053	12.446150541305542
1275	4	8	8	extremely	0.0	7.106628748948959	6.963667869567871
1276	4	8	9	tough,	0.0	7.526761750754476	7.729684829711914
1277	4	8	10	because	1.26e-06	6.151611255527955	5.607167720794678
1278	4	8	11	all	4.68e-05	8.059230291199446	3.662135124206543
1279	4	8	12	of	0.000195	2.078810817990078	4.766103744506836
1280	4	8	13	the	0.000347	1.4709097910228373	2.151966094970703
1281	4	8	14	vegetation	0.0	5.113823405953976	7.876707553863525
1282	4	8	15	will	9.33e-06	4.440848637663901	4.852470397949219
1283	4	8	16	have	8.91e-06	4.612447904660737	5.759162425994873
1284	4	8	17	died	0.0	4.802954326964169	5.797593116760254
1285	4	8	18	off	2.19e-05	3.444775698957601	3.3617639541625977
1286	4	8	19	by	9.55e-05	5.4943559664347585	3.9040262699127197
1287	4	8	20	the	0.000347	1.0948347566631857	4.145922660827637
1288	4	8	21	time	3.24e-05	1.9596805094602132	4.682819366455078
1289	4	8	22	winter	3.47e-06	6.471906024166284	3.168104648590088
1290	4	8	23	arrives.	0.0	2.4812627844446515	5.895153045654297
1291	4	8	24	Today,	5.25e-06	12.745381528484282	10.295882225036621
1292	4	8	25	leeches	0.0	17.449347792612336	12.161175087094307
1293	4	8	26	are	1.62e-05	1.8774162109918904	3.9702000617980957
1294	4	8	27	still	1.95e-06	5.612364162018253	7.243117332458496
1295	4	8	28	used	2.14e-06	5.350384628640893	6.965878009796143
1296	4	8	29	on	0.000138	6.136352017824108	3.420156955718994
1297	4	8	30	a	0.000224	5.204375468807132	7.206879615783691
1298	4	8	31	limited	4.57e-06	6.033823307052084	5.299583435058594
1299	4	8	32	basis.	0.0	4.2670172558112105	6.51680850982666
1300	5	8	0	Hibernation	0.0	9.724351355884005	15.680741310119629
1301	5	8	1	is	4.79e-05	5.664984541647144	9.73621940612793
1302	5	8	2	essentially	0.0	9.710249000522833	6.84422492980957
1303	5	8	3	a	0.000224	1.5859890433322756	5.539026737213135
1304	5	8	4	way	6.03e-06	7.164549103037416	10.384355545043945
1305	5	8	5	of	0.000195	1.5695526806045463	1.7328133583068848
1306	5	8	6	dealing	0.0	6.887899867486143	8.769269943237305
1307	5	8	7	with	3.31e-05	0.02997935768791176	0.3135937452316284
1308	5	8	8	this	2.4e-05	6.050595730735644	7.0478129386901855
1309	5	8	9	food	1.12e-05	14.692100479057862	7.538847923278809
1310	5	8	10	shortage.	0.0	10.352174061120431	11.438677432830445
1311	5	8	11	Most	2.75e-06	7.527839695876165	6.912232398986816
1312	5	8	12	often,	0.0	9.540712944703335	11.304031372070312
1313	5	8	13	leeches	0.0	21.77921240997242	8.992223590612411
1314	5	8	14	are	1.62e-05	1.3125446473039282	4.713569164276123
1315	5	8	15	used	2.14e-06	2.533027516042012	7.568630218505859
1316	5	8	16	to	0.000219	1.033767936508854	3.19167160987854
1317	5	8	17	drain	0.0	9.310243614055683	7.439200401306152
1318	5	8	18	blood	2.75e-06	7.084801431425219	5.572811126708984
1319	5	8	19	from	2.24e-05	2.2023104748694253	4.448610305786133
1320	5	8	20	clogged	0.0	15.680121648703961	8.302434176206589
1321	5	8	21	veins.	0.0	6.9125767738165145	9.305107766762376
1322	6	8	0	Animals	1.66e-06	3.589679993113943	4.832273960113525
1323	6	8	1	like	1.48e-05	9.444909953532823	9.729133605957031
1324	6	8	2	birds	1.62e-06	7.737937996407288	8.274788856506348
1325	6	8	3	rely	0.0	12.457942072200622	5.834550857543945
1326	6	8	4	on	0.000138	0.2723004270079779	1.4846019744873047
1327	6	8	5	seeds	0.0	10.216242577963179	8.350401878356934
1328	6	8	6	and	0.000117	2.6177899908150892	3.888572931289673
1329	6	8	7	small	3.98e-06	6.571367508361466	6.629859924316406
1330	6	8	8	insects	0.0	2.876357389750694	6.678297519683838
1331	6	8	9	for	6.46e-05	2.755223461015962	2.784132719039917
1332	6	8	10	sustenance.	0.0	7.079761056729852	7.2272627227939665
1333	6	8	11	This	2.4e-05	5.3023264020972505	7.498651504516602
1334	6	8	12	results	2.69e-06	9.406747378312462	7.229068756103516
1335	6	8	13	in	0.000166	0.04991600248872336	0.3651696443557739
1336	6	8	14	little	7.94e-06	8.568886548277206	7.263211250305176
1337	6	8	15	pain	2.04e-06	11.804726477783944	8.011154174804688
1338	6	8	16	for	6.46e-05	5.710456813503009	3.584829568862915
1339	6	8	17	the	0.000347	1.755689013436361	5.729607582092285
1340	6	8	18	patient	0.0	9.459492469532242	6.939743995666504
1341	6	8	19	and	0.000117	1.8677699913451484	3.3459553718566895
1342	6	8	20	also	2.24e-06	6.22652018597993	7.8132243156433105
1343	6	8	21	ensures	0.0	8.30693042363363	7.287961095571518
1344	6	8	22	the	0.000347	2.935435329700185	5.450804233551025
1345	6	8	23	patient's	0.0	7.376531426690647	13.207550048828125
1346	6	8	24	blood	2.75e-06	9.260810355935007	6.164812088012695
1347	6	8	25	will	9.33e-06	6.419980828846082	4.65680456161499
1348	6	8	26	not	1.45e-05	3.0343489488821995	4.12924861907959
1349	6	8	27	clot	0.0	6.771551172714149	7.538081884384155
1350	6	8	28	while	1.23e-06	7.4930217939735995	3.3284809589385986
1351	6	8	29	it	3.31e-05	5.670247861062206	6.219840049743652
1352	6	8	30	is	4.79e-05	1.2596075626612826	4.35612678527832
1353	6	8	31	being	1.58e-06	1.5684488367806746	6.070336818695068
1354	6	8	32	drained.	0.0	6.9200431560415385	8.463761249557137
1355	7	8	0	Obviously,	0.0	5.894540864981289	11.625636577606201
1356	7	8	1	these	1.45e-06	6.604445468841793	7.034799575805664
1357	7	8	2	will	9.33e-06	6.965234614597924	8.599096298217773
1358	7	8	3	also	2.24e-06	6.3480948428601565	5.2503180503845215
1359	7	8	4	be	2.19e-05	1.4760518973661292	5.909839153289795
1360	7	8	5	quite	0.0	8.983824896138941	9.519383430480957
1361	7	8	6	scarce	0.0	10.935011108794368	8.157264485955238
1362	7	8	7	in	0.000166	2.795589304081074	4.617134094238281
1363	7	8	8	the	0.000347	1.070050953014661	5.712718963623047
1364	7	8	9	winter	3.47e-06	9.180416604005845	8.30972671508789
1365	7	8	10	when	5.37e-06	6.016549689937627	3.6870293617248535
1366	7	8	11	the	0.000347	2.031740409334149	6.311689376831055
1367	7	8	12	ground	1.38e-06	7.117375419944106	8.442134857177734
1368	7	8	13	becomes	0.0	6.743558628570428	3.956727981567383
1369	7	8	14	covered	0.0	7.795720213285881	6.9950852394104
1370	7	8	15	and	0.000117	5.452643560163862	2.3126614093780518
1371	7	8	16	frozen.	1.74e-06	7.534217810696998	9.951746590435505
1372	8	8	0	Many	1.17e-06	0.0	0.0
1373	8	8	1	birds	1.62e-06	11.325128240035992	9.070789337158203
1374	8	8	2	address	1.55e-06	16.80731994550997	6.790890693664551
1375	8	8	3	their	2.63e-06	5.379733853992748	7.0443620681762695
1376	8	8	4	upcoming	0.0	16.192182862627806	10.128693580627441
1377	8	8	5	food	1.12e-05	9.336107737627895	10.014276504516602
1378	8	8	6	shortage	0.0	8.756809624843084	8.534507168456912
1379	8	8	7	in	0.000166	3.575850117468791	4.847051620483398
1380	8	8	8	quite	0.0	11.182312302882261	7.425551891326904
1381	8	8	9	a	0.000224	1.5895802218739807	3.347599506378174
1382	8	8	10	different	1.55e-06	1.0845273181082207	4.822587490081787
1383	8	8	11	way:	6.03e-06	4.327901031195845	5.1003206968307495
1384	8	8	12	they	3.8e-06	1.814882601475229	6.896708965301514
1385	8	8	13	migrate	0.0	10.685824484478788	8.637724286178127
1386	8	8	14	to	0.000219	2.1568206611611074	5.032623291015625
1387	8	8	15	warmer	0.0	8.30522186357308	7.140329003334045
1388	8	8	16	areas	0.0	3.0774804719122066	3.9965975284576416
1389	8	8	17	where	3.02e-06	3.7781286819201103	4.135134220123291
1390	8	8	18	their	2.63e-06	3.257529678247904	4.179326057434082
1391	8	8	19	sources	0.0	9.444086948253116	5.979892253875732
1392	8	8	20	of	0.000195	0.2462008577691147	1.1020253896713257
1393	8	8	21	food	1.12e-05	0.9728602189074748	3.4072420597076416
1394	8	8	22	will	9.33e-06	5.48756538184088	4.04221248626709
1395	8	8	23	be	2.19e-05	0.7167977310489924	3.4218311309814453
1396	8	8	24	plentiful.	0.0	9.18275994186941	9.106853436678648
1397	1	9	0	At	7.41e-05	0.0	0.0
1398	1	9	1	When	5.37e-06	16.615089408694537	9.460536003112793
1399	1	9	2	one	3.31e-05	13.985028949843873	7.606402397155762
1400	1	9	3	online	6.76e-05	14.117484281717903	8.370553970336914
1401	1	9	4	time,	3.24e-05	16.38854183299899	14.749842166900635
1402	1	9	5	file-	2.57e-06	18.542041471681927	17.205717086791992
1403	1	9	6	the	0.000347	15.642005103177056	5.156008243560791
1404	1	9	7	sharing	0.0	13.094187656896926	11.188606262207031
1405	1	9	8	use	3.24e-06	11.026967031375492	8.689054489135742
1406	1	9	9	programs	0.0	11.387414813845924	8.453302383422852
1407	1	9	10	of	0.000195	5.41419686373131	8.099096298217773
1408	1	9	11	emerged,	0.0	21.58808462713779	17.994714736938477
1409	1	9	12	leeches	0.0	26.014119539841868	25.519092559814453
1410	1	9	13	the	0.000347	6.320231495122544	6.166484832763672
1411	1	9	14	to	0.000219	8.911907637281123	11.793255805969238
1412	1	9	15	music	2.29e-05	11.804786262961274	10.523295402526855
1413	1	9	16	treat	0.0	14.428507032536684	8.786725997924805
1414	1	9	17	industry	1.48e-06	14.83220732397556	6.096343517303467
1415	1	9	18	medical	2.51e-06	13.616248780711702	8.025903701782227
1416	1	9	19	changed	0.0	15.279959008329142	9.488696098327637
1417	1	9	20	problems	0.0	11.831940955291401	8.526664733886719
1418	1	9	21	forever.	4.27e-06	18.322753121361437	25.935948848724365
1419	1	9	22	was	7.94e-06	11.33789993907355	9.693835258483887
1420	1	9	23	quite	0.0	12.021658477042863	10.07131576538086
1421	1	9	24	common.	1.32e-06	14.43943344946375	18.438515663146973
1422	2	9	0	Perhaps	0.0	5.537547653209038	9.496826171875
1423	2	9	1	the	0.000347	2.647981771527781	6.60825777053833
1424	2	9	2	first	8.71e-06	6.453181236537197	6.941324234008789
1425	2	9	3	If	9.77e-06	20.622043114204555	8.088242530822754
1426	2	9	4	widely-	0.0	26.418548381530172	15.285683155059814
1427	2	9	5	a	0.000224	16.52679889073577	6.515038967132568
1428	2	9	6	used	2.14e-06	9.666375371767876	11.351190567016602
1429	2	9	7	person	1.29e-06	11.291572384104146	8.340755462646484
1430	2	9	8	music	2.29e-05	15.814820883790926	8.637090682983398
1431	2	9	9	suffered	0.0	16.15339514268362	9.443779945373535
1432	2	9	10	file	2.57e-06	14.469069475948858	8.089221000671387
1433	2	9	11	from	2.24e-05	6.51144552309596	9.619400024414062
1434	2	9	12	sharing	0.0	12.327474520390142	9.501422882080078
1435	2	9	13	a	0.000224	4.371610308914567	8.614879608154297
1436	2	9	14	program	2.19e-06	9.578494993004544	11.538183212280273
1437	2	9	15	snake	1.12e-06	18.115988523664775	12.457471370697021
1438	2	9	16	was	7.94e-06	8.504771251648306	8.795119285583496
1439	2	9	17	bite	0.0	17.71255006494014	17.278220176696777
1440	2	9	18	Napster.	0.0	24.092233110571165	19.304590225219727
1441	2	9	19	or	1.48e-05	10.456255062354897	8.367806434631348
1442	2	9	20	a	0.000224	4.750497767957971	10.666960716247559
1443	2	9	21	bee	1.7e-06	16.10794962434974	20.288387298583984
1444	2	9	22	sting,	0.0	13.434317340044055	18.72624182701111
1445	2	9	23	leeches	0.0	21.520991735811933	24.40828037261963
1446	2	9	24	were	2e-06	7.1222339610666285	3.8356802463531494
1447	2	9	25	believed	0.0	9.948023416087128	10.194080352783203
1448	2	9	26	to	0.000219	0.7798141811629926	4.607108116149902
1449	2	9	27	be	2.19e-05	1.0842040298198865	5.731077194213867
1450	2	9	28	capable	0.0	9.947810088516796	8.936454772949219
1451	2	9	29	of	0.000195	0.4022540778380762	2.9913859367370605
1452	2	9	30	removing	0.0	7.864650963002907	9.863170623779297
1453	2	9	31	the	0.000347	2.471192638901386	8.89517879486084
1454	2	9	32	poison	0.0	8.411316813016658	9.973895072937012
1455	2	9	33	from	2.24e-05	1.7218730211942312	4.574581623077393
1456	2	9	34	the	0.000347	1.5459915749110056	6.669092178344727
1457	2	9	35	body	8.91e-06	4.146368436792576	8.963825225830078
1458	2	9	36	if	9.77e-06	7.465695573761267	3.6387486457824707
1459	2	9	37	they	3.8e-06	2.9743421718114402	7.266778945922852
1460	2	9	38	were	2e-06	1.1636312750812179	5.873643398284912
1461	2	9	39	placed	0.0	6.017796962637588	8.363887786865234
1462	2	9	40	on	0.000138	2.3390636720289004	4.41718053817749
1463	2	9	41	top	4.47e-05	4.791413017686533	5.165247917175293
1464	2	9	42	of	0.000195	0.08969983316785339	0.7557664513587952
1465	2	9	43	the	0.000347	2.2403360853030847	5.631543159484863
1466	2	9	44	wound.	0.0	10.611683778467887	12.76046633720398
1467	3	9	0	It	3.31e-05	0.0	0.0
1468	3	9	1	allowed	0.0	13.93197177925084	5.4859538078308105
1469	3	9	2	users	0.0	9.110176808284429	5.415070533752441
1470	3	9	3	to	0.000219	0.10360670721521062	0.8402427434921265
1471	3	9	4	sign	1.66e-06	8.205377199133789	8.294905662536621
1472	3	9	5	up	3.8e-05	1.243267374418688	2.386154890060425
1473	3	9	6	to	0.000219	3.619921460584598	3.8749492168426514
1474	3	9	7	use	3.24e-06	6.641203679769577	7.636704444885254
1475	3	9	8	the	0.000347	1.8250826964707954	6.252254009246826
1476	3	9	9	service	1.02e-05	2.9075073712252095	8.357089042663574
1477	3	9	10	at	7.41e-05	4.832072449546965	5.410876750946045
1478	3	9	11	no	4.9e-05	4.442024302304532	4.594433784484863
1479	3	9	12	charge.	0.0	4.045584323897114	5.7818686962127686
1480	3	9	13	They	3.8e-06	5.439988165314173	5.833903789520264
1481	3	9	14	have	8.91e-06	6.243387995141085	5.122313976287842
1482	3	9	15	also	2.24e-06	2.295792172251787	6.295591831207275
1483	3	9	16	been	3.02e-06	3.132322427628454	7.208332061767578
1484	3	9	17	used	2.14e-06	9.57519939238147	6.214877605438232
1485	3	9	18	for	6.46e-05	3.2595708118448927	2.89194393157959
1486	3	9	19	blood	2.75e-06	13.404486970741472	9.560192108154297
1487	3	9	20	letting	0.0	19.2703959642267	5.566891610622406
1488	3	9	21	and	0.000117	2.1182174236051665	4.3654890060424805
1489	3	9	22	to	0.000219	5.009836381549133	9.221314430236816
1490	3	9	23	stop	9.12e-06	7.794774560601269	7.892363548278809
1491	3	9	24	hemorrhages,	0.0	19.733591931785863	17.054161548614502
1492	3	9	25	although	0.0	7.07296409760963	7.609292030334473
1493	3	9	26	neither	0.0	9.02055840618615	6.250439643859863
1494	3	9	27	of	0.000195	2.0101970307520185	5.931273460388184
1495	3	9	28	these	1.45e-06	0.5634746181367236	1.5998167991638184
1496	3	9	29	leech	0.0	25.12443894416544	10.354735136032104
1497	3	9	30	treatments	0.0	7.139356210552694	6.416756596416235
1498	3	9	31	would	1.74e-06	7.516847740240766	5.371236324310303
1499	3	9	32	be	2.19e-05	2.240396221197093	4.951904773712158
1500	3	9	33	considered	0.0	4.039270824046315	7.193657875061035
1501	3	9	34	acceptable	0.0	6.9353904340127475	6.627082347869873
1502	3	9	35	by	9.55e-05	3.717863040678627	4.222273826599121
1503	3	9	36	present-	0.0	18.0656488651583	11.237478733062744
1504	3	9	37	day	2.45e-05	15.942089561177305	0.036309726536273956
1505	3	9	38	physicians.	0.0	4.339635531276292	7.798105109483004
1506	4	9	0	Then,	1.91e-06	13.281377119675515	18.300172805786133
1507	4	9	1	they	3.8e-06	5.85495022950532	8.008989334106445
1508	4	9	2	could	1.82e-06	6.510233238706268	8.131531715393066
1509	4	9	3	download	3.63e-06	9.74694400214713	8.266406059265137
1510	4	9	4	music	2.29e-05	8.438132208089447	6.378988265991211
1511	4	9	5	files	2.24e-06	6.972954737447321	5.514709949493408
1512	4	9	6	from	2.24e-05	2.481401347091937	5.201516151428223
1513	4	9	7	other	4.27e-06	6.203040117525866	6.005857467651367
1514	4	9	8	users	0.0	4.834798563621763	6.526860237121582
1515	4	9	9	all	4.68e-05	11.528205730080286	4.531625747680664
1516	4	9	10	over	1.29e-05	1.077674024319328	3.677990436553955
1517	4	9	11	the	0.000347	0.08188142086408247	0.6702753901481628
1518	4	9	12	world	3.02e-05	0.5301700377617675	2.280424118041992
1519	4	9	13	by	9.55e-05	7.541684636529712	3.755438804626465
1520	4	9	14	simply	0.0	4.07746468397243	7.150027275085449
1521	4	9	15	typing	0.0	5.8227679685087494	7.32345936819911
1522	4	9	16	in	0.000166	1.5574034526642233	4.117044925689697
1523	4	9	17	what	1.41e-05	8.510544360688368	3.4216082096099854
1524	4	9	18	song	9.33e-06	3.48303690748206	5.987061023712158
1525	4	9	19	or	1.48e-05	4.7413070285623355	3.7802720069885254
1526	4	9	20	album	1.45e-05	2.1003367146815903	4.741947174072266
1527	4	9	21	they	3.8e-06	0.9141050353828364	3.08846116065979
1528	4	9	22	wanted.	0.0	5.109065620777077	6.981720209121704
1529	4	9	23	Today,	5.25e-06	10.404404105508586	8.41810154914856
1530	4	9	24	leeches	0.0	20.543596960786854	22.910159587860107
1531	4	9	25	are	1.62e-05	1.9959623432284799	5.822944641113281
1532	4	9	26	still	1.95e-06	5.251978970510023	7.96597957611084
1533	4	9	27	used	2.14e-06	3.0330971446531034	7.255045413970947
1534	4	9	28	on	0.000138	5.478797480514346	3.6063547134399414
1535	4	9	29	a	0.000224	4.015636826616055	7.909328937530518
1536	4	9	30	limited	4.57e-06	7.19193894260344	4.915779113769531
1537	4	9	31	basis.	0.0	4.258265521910392	7.411316156387329
1538	5	9	0	Obviously,	0.0	5.894540864981289	11.625636577606201
1539	5	9	1	this	2.4e-05	4.381659198168974	7.034799575805664
1540	5	9	2	was	7.94e-06	4.432338399810496	6.662446975708008
1541	5	9	3	bad	9.33e-06	11.454467387649649	6.209263801574707
1542	5	9	4	news	6.17e-05	2.356456219576694	5.234988689422607
1543	5	9	5	for	6.46e-05	1.2073238741224381	3.4257760047912598
1544	5	9	6	music	2.29e-05	12.900970892814028	8.114931106567383
1545	5	9	7	artists	1.23e-06	6.82050604331071	5.792875289916992
1546	5	9	8	and	0.000117	3.156957084225185	4.5212836265563965
1547	5	9	9	record	2e-06	6.000560600363697	7.580699443817139
1548	5	9	10	labels	0.0	0.640592782833477	1.910568118095398
1549	5	9	11	because	1.26e-06	6.001407332296438	3.902508020401001
1550	5	9	12	they	3.8e-06	2.7464248553128887	5.902434825897217
1551	5	9	13	were	2e-06	2.5595956355577565	5.753467559814453
1552	5	9	14	not	1.45e-05	4.497054717922657	8.502537727355957
1553	5	9	15	making	1.95e-06	6.090780209835698	7.508512020111084
1554	5	9	16	any	1.62e-06	3.6588980651362513	4.727724075317383
1555	5	9	17	profits	0.0	5.048210524005774	4.018214702606201
1556	5	9	18	from	2.24e-05	1.7325533399175188	4.251800060272217
1557	5	9	19	downloaded	0.0	17.690482731803293	5.42585613578558
1558	5	9	20	music.	2.29e-05	1.6880468209632196	6.987964630126953
1559	5	9	21	Most	2.75e-06	8.461200555334335	6.314060211181641
1560	5	9	22	often,	0.0	8.891294889797184	8.434004783630371
1561	5	9	23	leeches	0.0	18.47275618452573	11.676427602767944
1562	5	9	24	are	1.62e-05	2.7171028933169583	6.53836727142334
1563	5	9	25	used	2.14e-06	3.985569799454997	8.78451919555664
1564	5	9	26	to	0.000219	0.9086170764324762	2.741910457611084
1565	5	9	27	drain	0.0	11.350417189231695	7.419179916381836
1566	5	9	28	blood	2.75e-06	5.561688597260236	6.517054557800293
1567	5	9	29	from	2.24e-05	2.2765744438810565	4.408010959625244
1568	5	9	30	clogged	0.0	15.012561392860206	11.131006926298141
1569	5	9	31	veins.	0.0	6.088910572847569	9.399282656610012
1570	6	9	0	Eventually,	0.0	10.571864630304162	14.423750877380371
1571	6	9	1	Napster	0.0	19.346833089951662	12.907535552978516
1572	6	9	2	was	7.94e-06	3.20257297705538	7.661855697631836
1573	6	9	3	shut	0.0	4.095026702159194	7.387634754180908
1574	6	9	4	down.	1.26e-05	3.6225554898535526	3.9224921464920044
1575	6	9	5	This	2.4e-05	5.942695204584112	6.246122360229492
1576	6	9	6	results	2.69e-06	12.241250279219358	6.926783561706543
1577	6	9	7	in	0.000166	0.1005380601886734	0.6795195937156677
1578	6	9	8	little	7.94e-06	10.595945608802293	5.893307209014893
1579	6	9	9	pain	2.04e-06	11.792660612782486	8.224974632263184
1580	6	9	10	for	6.46e-05	2.8231370351144967	4.656413555145264
1581	6	9	11	the	0.000347	1.7216140676427205	7.160971641540527
1582	6	9	12	patient	0.0	13.300493205660446	9.508160591125488
1583	6	9	13	and	0.000117	2.356829372106194	4.214225769042969
1584	6	9	14	also	2.24e-06	6.915566422160619	7.24960470199585
1585	6	9	15	ensures	0.0	10.389603677838977	6.972471207380295
1586	6	9	16	the	0.000347	2.9505037140210675	4.5131120681762695
1587	6	9	17	patient's	0.0	6.346832669235621	13.725210666656494
1588	6	9	18	blood	2.75e-06	9.9187454339685	7.294001579284668
1589	6	9	19	will	9.33e-06	5.2585047251411	4.810794353485107
1590	6	9	20	not	1.45e-05	2.6278327761003863	4.376117706298828
1591	6	9	21	clot	0.0	7.630391068906216	6.989825963973999
1592	6	9	22	while	1.23e-06	6.908357364089323	3.979884147644043
1593	6	9	23	it	3.31e-05	5.1876867492748735	6.734657287597656
1594	6	9	24	is	4.79e-05	1.362722857205685	4.774559497833252
1595	6	9	25	being	1.58e-06	1.6615490938404218	6.3507304191589355
1596	6	9	26	drained.	0.0	8.320158008343546	9.183592250570655
1597	7	9	0	While	1.23e-06	0.0	0.0
1598	7	9	1	it	3.31e-05	4.288277474545125	8.025126457214355
1599	7	9	2	later	0.0	13.452567891944247	4.609738349914551
1600	7	9	3	reinvented	0.0	16.267882569754324	11.087403301149607
1601	7	9	4	itself	0.0	0.20497640370962342	1.3432693481445312
1602	7	9	5	as	1.2e-05	0.816406110270672	2.691161870956421
1603	7	9	6	a	0.000224	0.7919432515018467	3.6100242137908936
1604	7	9	7	paying	0.0	15.0297386385901	10.617883682250977
1605	7	9	8	service,	1.02e-05	5.560811577296911	12.00462818145752
1606	7	9	9	other	4.27e-06	10.87234566376932	8.222192764282227
1607	7	9	10	free	2.57e-05	9.514126234587755	8.380061149597168
1608	7	9	11	music-	2.29e-05	13.745516216215321	13.212037563323975
1609	7	9	12	sharing	0.0	14.737587961619973	4.442623138427734
1610	7	9	13	sites	3.31e-06	2.044803119825289	3.784353256225586
1611	7	9	14	cropped	0.0	17.06789017430853	5.777113318443298
1612	7	9	15	up	3.8e-05	1.3121079328850664	3.789369583129883
1613	7	9	16	almost	0.0	10.436992886998503	4.942144870758057
1614	7	9	17	immediately.	0.0	2.9237001969011605	7.836008548736572
1615	8	9	0	Even	1.15e-06	0.0	0.0
1616	8	9	1	though	0.0	4.24646351251499	7.604778289794922
1617	8	9	2	several	0.0	10.147496016804775	6.572424411773682
1618	8	9	3	sites	3.31e-06	8.58091421086497	9.608556747436523
1619	8	9	4	and	0.000117	5.606081046791127	6.540572643280029
1620	8	9	5	individual	0.0	8.224999151177974	8.551325798034668
1621	8	9	6	users	0.0	5.072240842418429	9.184104919433594
1622	8	9	7	have	8.91e-06	1.6411603613916226	6.080345153808594
1623	8	9	8	been	3.02e-06	3.50481200454949	7.800955772399902
1624	8	9	9	charged,	0.0	12.147377753199674	13.901055335998535
1625	8	9	10	there	4.68e-06	4.834276570197336	7.560179710388184
1626	8	9	11	are	1.62e-05	1.8672329527426792	3.099665880203247
1627	8	9	12	still	1.95e-06	1.311870197993389	4.1661057472229
1628	8	9	13	countless	0.0	8.843031376298981	7.08006763830781
1629	8	9	14	individuals	0.0	5.470336994305821	8.168495178222656
1630	8	9	15	who	7.94e-06	0.8144718050249973	3.831545114517212
1631	8	9	16	log	2.4e-06	13.006759594684619	5.7768354415893555
1632	8	9	17	onto	0.0	5.906991939945001	3.3495049476623535
1633	8	9	18	these	1.45e-06	3.4832637211802315	6.516567230224609
1634	8	9	19	sites	3.31e-06	0.85976638179339	3.9216532707214355
1635	8	9	20	to	0.000219	3.543856055107224	4.788322448730469
1636	8	9	21	obtain	0.0	5.92208722952669	7.3324785232543945
1637	8	9	22	free	2.57e-05	5.520002451050684	8.09088134765625
1638	8	9	23	music.	2.29e-05	9.173270099555065	13.69698429107666
1639	1	10	0	When	5.37e-06	0.0	0.0
1640	1	10	1	online	6.76e-05	14.976346139613824	7.099902153015137
1641	1	10	2	file-	2.57e-06	19.022614956544913	15.521867275238037
1642	1	10	3	sharing	0.0	11.697868859438524	1.94663667678833
1643	1	10	4	programs	0.0	7.983706535616981	6.493611812591553
1644	1	10	5	emerged,	0.0	11.764712322485876	9.70545768737793
1645	1	10	6	the	0.000347	2.4159910568452814	7.141571044921875
1646	1	10	7	music	2.29e-05	11.223402413271813	10.349020004272461
1647	1	10	8	industry	1.48e-06	1.5213957633137576	6.48372220993042
1648	1	10	9	changed	0.0	7.6218076912575246	6.823636531829834
1649	1	10	10	forever.	4.27e-06	7.665902413229321	8.58282470703125
1650	2	10	0	Perhaps	0.0	5.537547653209038	9.496826171875
1651	2	10	1	the	0.000347	2.647981771527781	6.60825777053833
1652	2	10	2	first	8.71e-06	6.453181236537197	6.941324234008789
1653	2	10	3	widely-	0.0	17.62171244509489	13.68124771118164
1654	2	10	4	used	2.14e-06	10.278488659544697	6.029576778411865
1655	2	10	5	music	2.29e-05	10.825033185072442	9.723909378051758
1656	2	10	6	file	2.57e-06	8.963481755725203	7.260228633880615
1657	2	10	7	sharing	0.0	7.511004062091705	3.3944575786590576
1658	2	10	8	program	2.19e-06	4.041674741344119	4.949885368347168
1659	2	10	9	was	7.94e-06	3.420638711869784	4.805160999298096
1660	2	10	10	Napster.	0.0	11.782317281907169	11.974575340747833
1661	3	10	0	It	3.31e-05	0.0	0.0
1662	3	10	1	allowed	0.0	13.93197177925084	5.4859538078308105
1663	3	10	2	users	0.0	9.110176808284429	5.415070533752441
1664	3	10	3	to	0.000219	0.10360670721521062	0.8402427434921265
1665	3	10	4	sign	1.66e-06	8.205377199133789	8.294905662536621
1666	3	10	5	up	3.8e-05	1.243267374418688	2.386154890060425
1667	3	10	6	to	0.000219	3.619921460584598	3.8749492168426514
1668	3	10	7	use	3.24e-06	6.641203679769577	7.636704444885254
1669	3	10	8	the	0.000347	1.8250826964707954	6.252254009246826
1670	3	10	9	service	1.02e-05	2.9075073712252095	8.357089042663574
1671	3	10	10	at	7.41e-05	4.832072449546965	5.410876750946045
1672	3	10	11	no	4.9e-05	4.442024302304532	4.594433784484863
1673	3	10	12	charge.	0.0	4.045584323897114	5.7818686962127686
1674	4	10	0	Then,	1.91e-06	13.281377119675515	18.300172805786133
1675	4	10	1	they	3.8e-06	5.85495022950532	8.008989334106445
1676	4	10	2	could	1.82e-06	6.510233238706268	8.131531715393066
1677	4	10	3	download	3.63e-06	9.74694400214713	8.266406059265137
1678	4	10	4	music	2.29e-05	8.438132208089447	6.378988265991211
1679	4	10	5	files	2.24e-06	6.972954737447321	5.514709949493408
1680	4	10	6	from	2.24e-05	2.481401347091937	5.201516151428223
1681	4	10	7	other	4.27e-06	6.203040117525866	6.005857467651367
1682	4	10	8	users	0.0	4.834798563621763	6.526860237121582
1683	4	10	9	all	4.68e-05	11.528205730080286	4.531625747680664
1684	4	10	10	over	1.29e-05	1.077674024319328	3.677990436553955
1685	4	10	11	the	0.000347	0.08188142086408247	0.6702753901481628
1686	4	10	12	world	3.02e-05	0.5301700377617675	2.280424118041992
1687	4	10	13	by	9.55e-05	7.541684636529712	3.755438804626465
1688	4	10	14	simply	0.0	4.07746468397243	7.150027275085449
1689	4	10	15	typing	0.0	5.8227679685087494	7.32345936819911
1690	4	10	16	in	0.000166	1.5574034526642233	4.117044925689697
1691	4	10	17	what	1.41e-05	8.510544360688368	3.4216082096099854
1692	4	10	18	song	9.33e-06	3.48303690748206	5.987061023712158
1693	4	10	19	or	1.48e-05	4.7413070285623355	3.7802720069885254
1694	4	10	20	album	1.45e-05	2.1003367146815903	4.741947174072266
1695	4	10	21	they	3.8e-06	0.9141050353828364	3.08846116065979
1696	4	10	22	wanted.	0.0	5.109065620777077	6.981720209121704
1697	5	10	0	Obviously,	0.0	5.894540864981289	11.625636577606201
1698	5	10	1	this	2.4e-05	4.381659198168974	7.034799575805664
1699	5	10	2	was	7.94e-06	4.432338399810496	6.662446975708008
1700	5	10	3	bad	9.33e-06	11.454467387649649	6.209263801574707
1701	5	10	4	news	6.17e-05	2.356456219576694	5.234988689422607
1702	5	10	5	for	6.46e-05	1.2073238741224381	3.4257760047912598
1703	5	10	6	music	2.29e-05	12.900970892814028	8.114931106567383
1704	5	10	7	artists	1.23e-06	6.82050604331071	5.792875289916992
1705	5	10	8	and	0.000117	3.156957084225185	4.5212836265563965
1706	5	10	9	record	2e-06	6.000560600363697	7.580699443817139
1707	5	10	10	labels	0.0	0.640592782833477	1.910568118095398
1708	5	10	11	because	1.26e-06	6.001407332296438	3.902508020401001
1709	5	10	12	they	3.8e-06	2.7464248553128887	5.902434825897217
1710	5	10	13	were	2e-06	2.5595956355577565	5.753467559814453
1711	5	10	14	not	1.45e-05	4.497054717922657	8.502537727355957
1712	5	10	15	making	1.95e-06	6.090780209835698	7.508512020111084
1713	5	10	16	any	1.62e-06	3.6588980651362513	4.727724075317383
1714	5	10	17	profits	0.0	5.048210524005774	4.018214702606201
1715	5	10	18	from	2.24e-05	1.7325533399175188	4.251800060272217
1716	5	10	19	downloaded	0.0	17.690482731803293	5.42585613578558
1717	5	10	20	music.	2.29e-05	1.6880468209632196	6.987964630126953
1718	6	10	0	Eventually,	0.0	10.57186151385691	14.42374563217163
1719	6	10	1	Napster	0.0	19.346828419821424	12.907535076141357
1720	6	10	2	was	7.94e-06	3.2025700084259174	7.661856651306152
1721	6	10	3	shut	0.0	4.095026518467085	7.387632369995117
1722	6	10	4	down.	1.26e-05	3.622560357807698	3.922488033771515
1723	7	10	0	While	1.23e-06	0.0	0.0
1724	7	10	1	it	3.31e-05	4.288277474545125	8.025126457214355
1725	7	10	2	later	0.0	13.452567891944247	4.609738349914551
1726	7	10	3	reinvented	0.0	16.267882569754324	11.087403301149607
1727	7	10	4	itself	0.0	0.20497640370962342	1.3432693481445312
1728	7	10	5	as	1.2e-05	0.816406110270672	2.691161870956421
1729	7	10	6	a	0.000224	0.7919432515018467	3.6100242137908936
1730	7	10	7	paying	0.0	15.0297386385901	10.617883682250977
1731	7	10	8	service,	1.02e-05	5.560811577296911	12.00462818145752
1732	7	10	9	other	4.27e-06	10.87234566376932	8.222192764282227
1733	7	10	10	free	2.57e-05	9.514126234587755	8.380061149597168
1734	7	10	11	music-	2.29e-05	13.745516216215321	13.212037563323975
1735	7	10	12	sharing	0.0	14.737587961619973	4.442623138427734
1736	7	10	13	sites	3.31e-06	2.044803119825289	3.784353256225586
1737	7	10	14	cropped	0.0	17.06789017430853	5.777113318443298
1738	7	10	15	up	3.8e-05	1.3121079328850664	3.789369583129883
1739	7	10	16	almost	0.0	10.436992886998503	4.942144870758057
1740	7	10	17	immediately.	0.0	2.9237001969011605	7.836008548736572
1741	8	10	0	Even	1.15e-06	0.0	0.0
1742	8	10	1	though	0.0	4.24646351251499	7.604778289794922
1743	8	10	2	several	0.0	10.147496016804775	6.572424411773682
1744	8	10	3	sites	3.31e-06	8.58091421086497	9.608556747436523
1745	8	10	4	and	0.000117	5.606081046791127	6.540572643280029
1746	8	10	5	individual	0.0	8.224999151177974	8.551325798034668
1747	8	10	6	users	0.0	5.072240842418429	9.184104919433594
1748	8	10	7	have	8.91e-06	1.6411603613916226	6.080345153808594
1749	8	10	8	been	3.02e-06	3.50481200454949	7.800955772399902
1750	8	10	9	charged,	0.0	12.147377753199674	13.901055335998535
1751	8	10	10	there	4.68e-06	4.834276570197336	7.560179710388184
1752	8	10	11	are	1.62e-05	1.8672329527426792	3.099665880203247
1753	8	10	12	still	1.95e-06	1.311870197993389	4.1661057472229
1754	8	10	13	countless	0.0	8.843031376298981	7.08006763830781
1755	8	10	14	individuals	0.0	5.470336994305821	8.168495178222656
1756	8	10	15	who	7.94e-06	0.8144718050249973	3.831545114517212
1757	8	10	16	log	2.4e-06	13.006759594684619	5.7768354415893555
1758	8	10	17	onto	0.0	5.906991939945001	3.3495049476623535
1759	8	10	18	these	1.45e-06	3.4832637211802315	6.516567230224609
1760	8	10	19	sites	3.31e-06	0.85976638179339	3.9216532707214355
1761	8	10	20	to	0.000219	3.543856055107224	4.788322448730469
1762	8	10	21	obtain	0.0	5.92208722952669	7.3324785232543945
1763	8	10	22	free	2.57e-05	5.520002451050684	8.09088134765625
1764	8	10	23	music.	2.29e-05	9.173270099555065	13.69698429107666
1765	1	11	0	The	0.000347	0.0	0.0
1766	1	11	1	pencil	0.0	16.089984601857573	19.00929021835327
1767	1	11	2	is	4.79e-05	3.27966523620916	8.552138328552246
1768	1	11	3	a	0.000224	3.2692668098272284	8.421026229858398
1769	1	11	4	modern-	3.09e-06	15.882384704232715	18.000475883483887
1770	1	11	5	day	2.45e-05	12.14952012026495	0.6038426160812378
1771	1	11	6	version	5.25e-06	7.189378553201692	9.741625785827637
1772	1	11	7	of	0.000195	0.03932587599188141	0.36188238859176636
1773	1	11	8	a	0.000224	2.7253130292394445	3.536027431488037
1774	1	11	9	centuries-	0.0	12.896539344290726	9.751580834388733
1775	1	11	10	old	8.91e-06	1.6914654285307824	1.344922423362732
1776	1	11	11	writing	1.07e-06	5.4905009039306645	8.955022811889648
1777	1	11	12	implement.	0.0	12.082686345030773	7.105991363525391
1778	2	11	0	Around	2e-06	0.0	0.0
1779	2	11	1	1560,	1.39e-07	18.63303168607037	13.640055656433105
1780	2	11	2	an	1.2e-05	7.5299392055713055	8.08961296081543
1781	2	11	3	Italian	1.66e-06	4.9692855538443705	8.864007949829102
1782	2	11	4	couple	0.0	9.425130034950866	9.46876335144043
1783	2	11	5	designed	0.0	10.80379727203251	6.6494598388671875
1784	2	11	6	the	0.000347	2.5838117079540623	3.487154006958008
1785	2	11	7	modern,	3.09e-06	14.883680523577492	19.653401374816895
1786	2	11	8	wood-	2.24e-06	9.036841322317892	13.807450771331787
1787	2	11	9	encased	0.0	21.268726191084877	5.580521941184998
1788	2	11	10	pencil.	0.0	20.308556178129248	22.149535179138184
1789	3	11	0	Their	2.63e-06	0.0	0.0
1790	3	11	1	creation	0.0	12.373779970519044	11.401700973510742
1791	3	11	2	was	7.94e-06	3.0548319650358025	6.488600730895996
1792	3	11	3	flatter	0.0	17.012084249709574	12.27969217300415
1793	3	11	4	and	0.000117	6.882489106230592	1.4563472270965576
1794	3	11	5	more	3.16e-05	3.6351279549476105	9.574370384216309
1795	3	11	6	compact	2.04e-06	9.237658212722206	9.376473426818848
1796	3	11	7	than	2.04e-06	0.759296434533588	2.935229539871216
1797	3	11	8	the	0.000347	1.3442599905252761	5.783056259155273
1798	3	11	9	pencils	0.0	17.502394327237358	10.436908543109894
1799	3	11	10	we	1.7e-05	4.890032289062714	5.936454772949219
1800	3	11	11	use	3.24e-06	2.7779903645457873	4.818930149078369
1801	3	11	12	today.	5.25e-06	3.2767907729531256	6.842658519744873
1802	4	11	0	Their	2.63e-06	0.0	0.0
1803	4	11	1	plan	7.24e-06	11.36350713628248	11.401700973510742
1804	4	11	2	involved	0.0	9.059421410417011	6.245837688446045
1805	4	11	3	hollowing	0.0	18.508171950537616	12.307075023651123
1806	4	11	4	out	2.51e-05	1.1809013834518074	3.9871530532836914
1807	4	11	5	a	0.000224	3.818628873373735	5.780993938446045
1808	4	11	6	stick	2.14e-06	16.153997023477377	8.170219421386719
1809	4	11	7	of	0.000195	2.5485893942241202	6.249671459197998
1810	4	11	8	wood	2.24e-06	4.125215594165063	8.456486701965332
1811	4	11	9	and	0.000117	2.8205897221731075	5.180210113525391
1812	4	11	10	inserting	0.0	8.302362941675662	8.189097225666046
1813	4	11	11	a	0.000224	1.9908235307484714	3.1431021690368652
1814	4	11	12	stick	2.14e-06	8.219741295395036	9.569412231445312
1815	4	11	13	of	0.000195	0.9422732929650726	3.2973861694335938
1816	4	11	14	graphite	0.0	10.833648462440697	8.01098719239235
1817	4	11	15	into	3.39e-06	1.1889896272455711	4.130405426025391
1818	4	11	16	it.	3.31e-05	4.901378213314462	5.406164169311523
1819	5	11	0	Shortly	0.0	3.9683894840519858	10.422204971313477
1820	5	11	1	after,	6.03e-06	4.13609616901685	8.621882200241089
1821	5	11	2	a	0.000224	3.952201267472509	8.168081283569336
1822	5	11	3	better	2.4e-06	13.920969886595728	10.190057754516602
1823	5	11	4	technique	0.0	11.297008201216018	9.030705451965332
1824	5	11	5	was	7.94e-06	2.084688259901044	5.025382995605469
1825	5	11	6	discovered:	0.0	7.079251001236392	9.534193515777588
1826	5	11	7	two	4.79e-06	9.515764300299676	8.952643394470215
1827	5	11	8	wooden	0.0	10.311866462014535	10.564739227294922
1828	5	11	9	halves	0.0	10.694674543315092	10.096741080284119
1829	5	11	10	were	2e-06	2.9268925342784056	5.7858052253723145
1830	5	11	11	carved,	0.0	14.692195327856226	11.206563949584961
1831	5	11	12	a	0.000224	5.721808916643396	6.196058750152588
1832	5	11	13	graphite	0.0	15.033330309013005	12.276200294494629
1833	5	11	14	stick	2.14e-06	7.406666783871419	8.283665657043457
1834	5	11	15	was	7.94e-06	2.0683256669724943	4.909334182739258
1835	5	11	16	inserted,	0.0	7.113526563915056	9.36902646755334
1836	5	11	17	and	0.000117	0.5221731929822142	2.662360668182373
1837	5	11	18	then	1.91e-06	3.3939529263268695	5.167046546936035
1838	5	11	19	the	0.000347	2.0444121669007616	6.688092231750488
1839	5	11	20	halves	0.0	6.334015008415039	10.228729665279388
1840	5	11	21	were	2e-06	0.3658261886983181	2.552732467651367
1841	5	11	22	glued	0.0	6.718754446466231	8.326666809618473
1842	5	11	23	together,	1.95e-06	4.355325577749027	5.963425874710083
1843	5	11	24	which	2.24e-06	5.556318472256271	7.344928741455078
1844	5	11	25	is	4.79e-05	4.906422695950196	6.65965461730957
1845	5	11	26	also	2.24e-06	6.3520392417860725	6.119858741760254
1846	5	11	27	how	1.02e-05	6.756900269535065	5.265395164489746
1847	5	11	28	pencils	0.0	17.025242055702815	6.139909386634827
1848	5	11	29	are	1.62e-05	1.3696238796331917	3.9395787715911865
1849	5	11	30	currently	0.0	9.727252196096444	4.41825008392334
1850	5	11	31	made.	8.32e-06	1.2620729636783834	5.186296820640564
1851	6	11	0	Although	0.0	0.0	0.0
1852	6	11	1	many	1.17e-06	6.362260961404139	7.835210800170898
1853	6	11	2	people	8.51e-06	3.801626603468767	9.155293464660645
1854	6	11	3	refer	0.0	9.593534032420813	7.153833389282227
1855	6	11	4	to	0.000219	0.07315948754306642	0.7075522541999817
1856	6	11	5	the	0.000347	2.3914371026216847	8.648955345153809
1857	6	11	6	graphite	0.0	21.392979648084307	15.495803594589233
1858	6	11	7	inside	2.88e-06	12.695057169501865	7.876555442810059
1859	6	11	8	pencils	0.0	15.52112623984658	5.244590621441603
1860	6	11	9	as	1.2e-05	0.29124088120320296	1.6912405490875244
1861	6	11	10	“lead”,	1.15e-06	14.83102956999439	21.433400630950928
1862	6	11	11	they	3.8e-06	6.151879405003035	6.022533416748047
1863	6	11	12	have	8.91e-06	5.2230579040156755	4.396434783935547
1864	6	11	13	always	2.51e-06	7.317539844884544	6.141482353210449
1865	6	11	14	been	3.02e-06	0.9567585622241738	4.444796085357666
1866	6	11	15	made	8.32e-06	7.592091222807591	7.362469673156738
1867	6	11	16	with	3.31e-05	3.312879907298173	3.3407435417175293
1868	6	11	17	graphite;	0.0	13.446468385299852	11.159711569547653
1869	6	11	18	however,	0.0	3.1547972811713585	7.551794052124023
1870	6	11	19	the	0.000347	2.874651803721227	6.528784275054932
1871	6	11	20	paint	1.07e-06	8.14899409117227	8.58387279510498
1872	6	11	21	on	0.000138	5.366254754956404	6.950712203979492
1873	6	11	22	the	0.000347	0.7138551483693178	3.1457061767578125
1874	6	11	23	wood	2.24e-06	10.591652376184976	6.637976169586182
1875	6	11	24	that	1.35e-05	7.21230962521556	6.6619462966918945
1876	6	11	25	surrounded	0.0	11.654829360393924	5.72959566116333
1877	6	11	26	the	0.000347	0.5734290046990076	2.192525863647461
1878	6	11	27	graphite	0.0	2.2820233859394365	7.560471788048744
1879	6	11	28	was,	7.94e-06	11.944670455455949	15.028822422027588
1880	6	11	29	at	7.41e-05	4.263004102808964	5.141290187835693
1881	6	11	30	one	3.31e-05	2.612136490741332	3.30609393119812
1882	6	11	31	time,	3.24e-05	0.4778973081578829	1.5088348984718323
1883	6	11	32	lead-	1.15e-06	7.714394399684474	12.047645568847656
1884	6	11	33	based.	3.16e-06	12.762510359659998	5.679401874542236
1885	1	12	0	Technology	4.57e-06	2.8302962234256617	4.714808464050293
1886	1	12	1	is	4.79e-05	6.142225019214089	10.001314163208008
1887	1	12	2	rapidly	0.0	7.142455361188813	8.177216529846191
1888	1	12	3	expanding	0.0	5.288250801996722	4.780179023742676
1889	1	12	4	the	0.000347	5.720649002999164	4.588959217071533
1890	1	12	5	scope	0.0	6.320520974337847	8.327215194702148
1891	1	12	6	of	0.000195	0.22561829212521659	0.9381654262542725
1892	1	12	7	capabilities	0.0	9.639126533007431	8.3417387008667
1893	1	12	8	for	6.46e-05	4.1963014395608536	4.872763156890869
1894	1	12	9	both	0.0	7.118310947682377	9.142579078674316
1895	1	12	10	professional	3.02e-06	7.751977772483476	9.058349609375
1896	1	12	11	and	0.000117	0.3074843152931127	2.3956027030944824
1897	1	12	12	personal	4.57e-06	3.182825050152655	5.902709484100342
1898	1	12	13	use;	3.24e-06	8.857851466537992	9.423604965209961
1899	1	12	14	such	0.0	8.218168468257032	7.805654525756836
1900	1	12	15	is	4.79e-05	6.287159225817027	2.308279514312744
1901	1	12	16	the	0.000347	0.14030778458628815	1.1160686016082764
1902	1	12	17	case	5.75e-06	1.183727631280959	5.628034591674805
1903	1	12	18	with	3.31e-05	1.3974085039305093	2.635237693786621
1904	1	12	19	smart	1.17e-05	5.877866346674179	7.2986016273498535
1905	1	12	20	phones.	0.0	6.300666140451543	7.323065746575594
1906	2	12	0	Professionals	0.0	8.03212845467989	17.710282683372498
1907	2	12	1	now	9.77e-06	11.992698239477333	9.092615127563477
1908	2	12	2	have	8.91e-06	2.426800668863083	7.9154815673828125
1909	2	12	3	mobile	6.61e-06	12.565204579126686	5.719290256500244
1910	2	12	4	devices	0.0	4.005141370622215	6.699670791625977
1911	2	12	5	available	2.82e-06	6.015505396828552	4.413025856018066
1912	2	12	6	to	0.000219	1.2860437304569687	3.368790626525879
1913	2	12	7	them	2.63e-06	3.9671960377363362	7.766730785369873
1914	2	12	8	capable	0.0	14.146831244459651	4.437270641326904
1915	2	12	9	of	0.000195	0.01652098568685457	0.13776925206184387
1916	2	12	10	digital	1.29e-05	11.910618218867336	7.957724571228027
1917	2	12	11	media,	3.89e-05	11.941233005673183	15.586562156677246
1918	2	12	12	internet	2.82e-05	9.585902304985604	7.135045051574707
1919	2	12	13	access,	2.95e-06	3.466159042556154	6.007362246513367
1920	2	12	14	phone	4.27e-06	8.067289448634185	5.64412784576416
1921	2	12	15	communication,	1.7e-06	8.146440660992706	5.460916042327881
1922	2	12	16	multi-	2.34e-06	11.07326901184706	6.663363456726074
1923	2	12	17	person	1.29e-06	18.7174684945668	3.925912618637085
1924	2	12	18	scheduling	0.0	10.195747087142557	8.220859944820404
1925	2	12	19	and	0.000117	1.753303900828511	1.7629834413528442
1926	2	12	20	office	1.2e-05	9.349867704379948	7.513481140136719
1927	2	12	21	tools	1.51e-06	8.353576317672697	6.405788421630859
1928	2	12	22	for	6.46e-05	4.465825019858454	3.376613140106201
1929	2	12	23	documents	0.0	10.606750437623354	8.411356925964355
1930	2	12	24	and	0.000117	2.0255988898678385	3.062494993209839
1931	2	12	25	presentations.	0.0	3.990634067957416	9.568562423810363
1932	3	12	0	Businesspeople	0.0	10.515368164815582	13.448939085006714
1933	3	12	1	that	1.35e-05	8.29698654345178	9.961935043334961
1934	3	12	2	are	1.62e-05	2.859758267097747	7.5580549240112305
1935	3	12	3	often	0.0	9.503475080444936	9.441884994506836
1936	3	12	4	mobile	6.61e-06	12.95970492710624	9.615438461303711
1937	3	12	5	may	5.37e-06	5.593875719437818	6.279759407043457
1938	3	12	6	maximize	0.0	16.599326226271607	6.535618782043457
1939	3	12	7	the	0.000347	2.148858609665074	3.8711564540863037
1940	3	12	8	use	3.24e-06	4.322817282680008	7.576948642730713
1941	3	12	9	of	0.000195	0.04332208500604815	0.3708995580673218
1942	3	12	10	these	1.45e-06	6.6318892413141635	5.425645351409912
1943	3	12	11	critical	0.0	11.34879827245559	7.270144939422607
1944	3	12	12	features	0.0	4.962439138255703	7.410940170288086
1945	3	12	13	on	0.000138	6.493099493024592	4.375471115112305
1946	3	12	14	smart	1.17e-05	5.339094455249003	3.9623892307281494
1947	3	12	15	phones.	0.0	4.736697196165355	5.475124942138791
1948	4	12	0	Individuals	0.0	7.7818355682182325	21.221109867095947
1949	4	12	1	who	7.94e-06	2.999214597076265	8.270957946777344
1950	4	12	2	simply	0.0	11.668915635460811	7.108824729919434
1951	4	12	3	enjoy	1.02e-06	6.557989101720025	7.077111721038818
1952	4	12	4	the	0.000347	2.5457732611022403	7.930231094360352
1953	4	12	5	luxury	1.2e-06	8.410852815620167	9.842327117919922
1954	4	12	6	of	0.000195	0.274358212592033	1.7551995515823364
1955	4	12	7	multi-	2.34e-06	12.63945581435874	10.042325973510742
1956	4	12	8	function	1.78e-06	13.24805698994278	7.063901424407959
1957	4	12	9	devices	0.0	6.419769730045974	9.131505966186523
1958	4	12	10	often	0.0	6.374127874091476	5.68757438659668
1959	4	12	11	use	3.24e-06	6.706484850484876	7.088276386260986
1960	4	12	12	these	1.45e-06	4.140824777322479	6.4944844245910645
1961	4	12	13	devices	0.0	2.1981157388954164	7.058084487915039
1962	4	12	14	for	6.46e-05	2.021131329620949	4.306058883666992
1963	4	12	15	frivolous	0.0	18.578985190847366	12.607329040765762
1964	4	12	16	pursuits	0.0	5.2999253223508385	5.914787145331502
1965	4	12	17	such	0.0	3.149720149383724	3.657623767852783
1966	4	12	18	as	1.2e-05	0.006375705610605412	0.07763203233480453
1967	4	12	19	downloading	0.0	8.83926352004375	9.126886334270239
1968	4	12	20	catchy	0.0	15.58183007198218	10.530344009399414
1969	4	12	21	ring	3.09e-06	16.23478230308084	4.586098670959473
1970	4	12	22	tones,	0.0	2.7351331719931333	6.777093216776848
1971	4	12	23	instant	1.26e-06	10.517752357368824	8.155279159545898
1972	4	12	24	messaging	0.0	0.9202990579090192	4.422911122441292
1973	4	12	25	about	7.59e-06	12.390660719591194	4.140190601348877
1974	4	12	26	the	0.000347	3.105138394789338	7.537095069885254
1975	4	12	27	latest	1.29e-06	1.61591967682059	7.0233473777771
1976	4	12	28	gossip	2.75e-06	10.042646284123103	7.4412983655929565
1977	4	12	29	and	0.000117	2.3515837157731316	3.39544415473938
1978	4	12	30	looking	0.0	10.949673373869322	8.674818992614746
1979	4	12	31	up	3.8e-05	4.733895189830973	3.9786720275878906
1980	4	12	32	the	0.000347	3.2827245867217107	8.359285354614258
1981	4	12	33	world	3.02e-05	6.5759758624716635	4.505821228027344
1982	4	12	34	record	2e-06	7.715603709901319	4.083745002746582
1983	4	12	35	for	6.46e-05	2.1515941575545945	5.163888454437256
1984	4	12	36	most	2.75e-06	3.4556862844776126	5.404549598693848
1985	4	12	37	cans	0.0	18.995407873187244	14.011659622192383
1986	4	12	38	crushed	0.0	11.490331015294416	3.7907560858875513
1987	4	12	39	on	0.000138	4.947539410290167	4.772261142730713
1988	4	12	40	one’s	0.0	10.8817165117559	11.433104671537876
1989	4	12	41	head	4.79e-06	3.120273364147852	7.129330635070801
1990	4	12	42	during	0.0	7.755466017291813	3.4695520401000977
1991	4	12	43	the	0.000347	3.219928767832383	3.8876359462738037
1992	4	12	44	Superbowl.	0.0	10.820827127087291	14.753943979740143
1993	5	12	0	This	2.4e-05	0.0	0.0
1994	5	12	1	fusion	0.0	19.263812493148468	8.196046829223633
1995	5	12	2	of	0.000195	3.588244004236714	8.435921669006348
1996	5	12	3	capabilities	0.0	13.02866177642667	10.455472946166992
1997	5	12	4	and	0.000117	2.934272275078163	6.245594024658203
1998	5	12	5	increased	0.0	11.750820995828747	9.229000091552734
1999	5	12	6	availability	0.0	7.601387809696559	8.855134963989258
2000	5	12	7	of	0.000195	2.2994162469643653	5.912540435791016
2001	5	12	8	such	0.0	10.126462202885765	8.98279094696045
2002	5	12	9	devices	0.0	6.986755883931593	7.613824367523193
2003	5	12	10	could	1.82e-06	4.73361533821957	6.110947608947754
2004	5	12	11	be	2.19e-05	3.1025610947063087	6.462141513824463
2005	5	12	12	a	0.000224	2.2176545060889685	6.476919651031494
2006	5	12	13	sign	1.66e-06	8.783733566874997	6.959714412689209
2007	5	12	14	of	0.000195	0.6488657079804111	1.6957523822784424
2008	5	12	15	a	0.000224	2.585586502716008	6.086518287658691
2009	5	12	16	growing	0.0	4.980951277188869	7.932107925415039
2010	5	12	17	blend	0.0	18.028858697275805	10.054332733154297
2011	5	12	18	in	0.000166	5.131190253298908	0.7570449113845825
2012	5	12	19	society	6.17e-06	11.491341154511908	7.801492691040039
2013	5	12	20	between	1.1e-06	7.5902826493933615	4.315295696258545
2014	5	12	21	work	4.17e-06	7.969139088163024	7.934795379638672
2015	5	12	22	and	0.000117	1.0140157402959344	3.0107970237731934
2016	5	12	23	personal	4.57e-06	3.87809581349551	5.966977119445801
2017	5	12	24	life,	3.02e-05	5.457207433073206	9.456807851791382
2018	5	12	25	or	1.48e-05	6.508784955147901	6.843811511993408
2019	5	12	26	individuals	0.0	12.432451309523733	6.001557350158691
2020	5	12	27	could	1.82e-06	3.995363411090911	6.240004062652588
2021	5	12	28	simply	0.0	6.2887100797235975	6.744042873382568
2022	5	12	29	be	2.19e-05	2.490666305060275	7.169892311096191
2023	5	12	30	taking	0.0	7.078123750532311	8.728981971740723
2024	5	12	31	a	0.000224	2.3817250750078585	5.42897891998291
2025	5	12	32	luxurious	0.0	14.632519959760163	7.105526913423091
2026	5	12	33	approach	0.0	8.534327982734704	5.67022180557251
2027	5	12	34	to	0.000219	0.3436605756297856	1.7835532426834106
2028	5	12	35	their	2.63e-06	1.6016351904909254	5.6951584815979
2029	5	12	36	connectivity	0.0	16.072535450401993	5.4429191797971725
2030	5	12	37	in	0.000166	5.909884025821596	4.115204811096191
2031	5	12	38	personal	4.57e-06	10.396792939784113	4.7270426750183105
2032	5	12	39	lives.	0.0	5.847676380548174	8.151392221450806
